time (s)	coil I (A)	last det (V)	int current (uC)
1071.763521	0.507928	220.312500	93.457031
1071.765521	0.707783	220.312500	93.457031
1071.767521	0.718067	220.312500	93.457031
1071.769521	0.716371	7.880078	0.434155
1072.917600	0.513881	197.656250	-207.226562
1072.919601	0.709473	197.656250	-207.226562
1072.921602	0.718170	197.656250	-207.226562
1072.923602	0.716533	7.881859	0.283567
1073.872540	0.291285	211.523437	94.921875
1073.874541	0.567511	211.523437	94.921875
1073.876542	0.718109	211.523437	94.921875
1073.880541	0.716560	7.882160	0.335833
1075.006598	0.449387	200.488281	-196.679687
1075.008601	0.460307	200.488281	-196.679687
1075.010600	0.687736	200.488281	-196.679687
1075.012600	0.717024	7.887265	0.184631
1075.908588	0.477052	218.847656	87.988281
1075.910589	0.697496	218.847656	87.988281
1075.912588	0.718403	218.847656	87.988281
1075.914588	0.716597	7.882568	0.406840
1077.062630	0.283673	209.960937	-195.605469
1077.064632	0.560229	209.960937	-195.605469
1077.066633	0.717827	209.960937	-195.605469
1077.068634	0.718413	7.902544	0.238530
1077.988677	0.542199	213.281250	99.023437
1077.990674	0.715068	213.281250	99.023437
1077.992675	0.717694	213.281250	99.023437
1077.994675	0.716080	7.876878	0.365747
1079.153235	0.406612	200.000000	-197.753906
1079.155235	0.661499	200.000000	-197.753906
1079.157235	0.719650	200.000000	-197.753906
1079.161234	0.716014	7.876152	0.196454
1080.057259	0.471405	213.574219	98.828125
1080.059263	0.695257	213.574219	98.828125
1080.061263	0.718490	213.574219	98.828125
1080.063263	0.716765	7.884420	0.398654
1081.193349	0.287065	193.261719	-205.761719
1081.195348	0.563539	193.261719	-205.761719
1081.197348	0.718527	193.261719	-205.761719
1081.201349	0.717255	7.889800	0.262602
1082.143405	0.400430	210.839844	98.339844
1082.145408	0.657418	210.839844	98.339844
1082.147408	0.719473	210.839844	98.339844
1082.149408	0.717283	7.890119	0.381670
1083.259981	0.299050	191.992187	-206.250000
1083.261983	0.574949	191.992187	-206.250000
1083.263986	0.719099	191.992187	-206.250000
1083.265984	0.718475	7.903226	0.190862
1084.218056	0.315822	204.882812	99.609375
1084.220055	0.590343	204.882812	99.609375
1084.222055	0.718436	204.882812	99.609375
1084.224057	0.717267	7.889933	0.391785
1085.340116	0.242787	193.164062	-203.125000
1085.342118	0.522023	193.164062	-203.125000
1085.344119	0.527596	193.164062	-203.125000
1085.346119	0.718332	193.164062	-203.125000
1085.348118	0.716652	7.883171	0.322564
1086.280163	0.444209	210.644531	97.753906
1086.282165	0.682858	210.644531	97.753906
1086.284167	0.718729	210.644531	97.753906
1086.286168	0.716777	7.884544	0.322463
1087.411133	0.683297	192.285156	-204.882812
1087.413136	0.718757	192.285156	-204.882812
1087.415136	0.716823	7.885049	0.210535
1088.351707	0.424979	204.589844	103.417969
1088.353710	0.672281	204.589844	103.417969
1088.355709	0.718701	204.589844	103.417969
1088.359713	0.715256	7.867821	0.410942
1089.467753	0.479204	200.683594	-199.316406
1089.469755	0.698474	200.683594	-199.316406
1089.471754	0.718537	200.683594	-199.316406
1089.473755	0.716789	7.884677	0.272856
1090.421760	0.719137	196.484375	107.324219
1090.423761	0.717267	196.484375	107.324219
1090.425762	0.715911	7.875017	0.366602
1091.569799	0.536716	209.375000	-191.113281
1091.571802	0.714361	209.375000	-191.113281
1091.573800	0.718012	209.375000	-191.113281
1091.575800	0.716464	7.881106	0.482673
1092.468732	0.266100	208.691406	96.972656
1092.472745	0.716568	208.691406	96.972656
1092.474747	0.718915	208.691406	96.972656
1092.476747	0.717295	7.890243	0.446246
1093.630809	0.296703	202.832031	-188.476562
1093.634810	0.718944	202.832031	-188.476562
1093.636812	0.718590	202.832031	-188.476562
1093.638811	0.717015	7.887167	0.285632
1094.562858	0.364706	203.808594	97.460937
1094.564858	0.631796	203.808594	97.460937
1094.566859	0.719717	203.808594	97.460937
1094.568857	0.717413	7.891546	0.341068
1095.676923	0.358177	193.750000	-203.125000
1095.678923	0.626815	193.750000	-203.125000
1095.680923	0.720715	193.750000	-203.125000
1095.682923	0.718307	7.901374	0.250357
1096.644979	0.498178	195.117187	110.156250
1096.646982	0.704633	195.117187	110.156250
1096.650979	0.716069	195.117187	110.156250
1096.652982	0.714872	7.863594	0.402722
1097.785578	0.629459	210.058594	-188.476562
1097.787579	0.719959	210.058594	-188.476562
1097.791577	0.716382	7.880202	0.221585
1098.678142	0.340313	205.566406	98.339844
1098.680144	0.612021	205.566406	98.339844
1098.682142	0.720441	205.566406	98.339844
1098.684149	0.718303	7.901330	0.437103
1099.830192	0.400682	197.949219	-193.945312
1099.832194	0.657465	197.949219	-193.945312
1099.834194	0.719257	197.949219	-193.945312
1099.836195	0.717010	7.887114	0.299937
1100.798223	0.448828	191.699219	110.449219
1100.800225	0.684919	191.699219	110.449219
1100.802223	0.718357	191.699219	110.449219
1100.804226	0.716474	7.881212	0.359678
1101.898309	0.386260	203.125000	-194.335937
1101.900309	0.647557	203.125000	-194.335937
1101.902310	0.651558	203.125000	-194.335937
1101.904309	0.716718	7.883898	0.222338
1102.836355	2.062817	193.457031	107.324219
1102.838358	0.493696	193.457031	107.324219
1102.840359	0.703599	193.457031	107.324219
1102.842358	0.718338	193.457031	107.324219
1102.844357	0.716695	7.883649	0.418882
1103.982415	0.316136	204.003906	-187.988281
1103.984417	0.590622	204.003906	-187.988281
1103.986417	0.718732	204.003906	-187.988281
1103.988416	0.717462	7.892077	0.310866
1104.926436	0.409223	194.238281	107.910156
1104.928438	0.663000	194.238281	107.910156
1104.932437	0.716996	194.238281	107.910156
1104.934439	0.715683	7.872509	0.351090
1106.030501	0.417573	200.976562	-195.507812
1106.032502	0.667923	200.976562	-195.507812
1106.034503	0.718647	200.976562	-195.507812
1106.036502	0.716537	7.881903	0.290751
1106.976569	0.698371	198.144531	108.203125
1106.978571	0.718576	198.144531	108.203125
1106.980571	0.716803	7.884828	0.404436
1108.128634	0.497693	203.515625	-184.082031
1108.130636	0.705226	203.515625	-184.082031
1108.132636	0.718726	203.515625	-184.082031
1108.134636	0.717004	7.887043	0.370293
1109.058707	0.343603	195.898437	105.468750
1109.060709	0.614727	195.898437	105.468750
1109.062709	0.719836	195.898437	105.468750
1109.064709	0.717752	7.895277	0.394841
1110.174762	0.452811	199.609375	-194.531250
1110.176766	0.462032	199.609375	-194.531250
1110.178764	0.718916	199.609375	-194.531250
1110.180764	0.716998	7.886972	0.326915
1111.112778	0.369893	190.429687	113.085937
1111.114783	0.635783	190.429687	113.085937
1111.116785	0.720072	190.429687	113.085937
1111.118784	0.717822	7.896048	0.401990
1112.264848	0.707987	206.152344	-183.593750
1112.266851	0.718304	206.152344	-183.593750
1112.268850	0.716616	7.882772	0.402164
1113.201459	0.490588	191.113281	106.640625
1113.203461	0.702267	191.113281	106.640625
1113.205462	0.717926	191.113281	106.640625
1113.207461	0.716251	7.878757	0.443353
1114.321537	0.269319	192.480469	-192.871094
1114.325543	0.716524	192.480469	-192.871094
1114.327545	0.718635	192.480469	-192.871094
1114.329546	0.717074	7.887815	0.267560
1115.263588	0.513285	186.914062	118.750000
1115.265592	0.709109	186.914062	118.750000
1115.267592	0.717905	186.914062	118.750000
1115.269590	0.716249	7.878739	0.412234
1116.409647	0.488438	211.132812	-180.859375
1116.411650	0.701812	211.132812	-180.859375
1116.413649	0.718281	211.132812	-180.859375
1116.415648	0.716521	7.881735	0.323652
1117.329675	0.233688	191.210937	107.421875
1117.331676	0.513637	191.210937	107.421875
1117.333676	0.709602	191.210937	107.421875
1117.335676	0.718469	191.210937	107.421875
1117.337675	0.716832	7.885147	0.372237
1118.455776	0.356336	196.484375	-189.550781
1118.457777	0.625398	196.484375	-189.550781
1118.459779	0.720749	196.484375	-189.550781
1118.461779	0.718315	7.901463	0.306563
1119.417852	0.552357	186.328125	116.503906
1119.419852	0.716702	186.328125	116.503906
1119.421852	0.718167	7.899840	0.404590
1120.525929	0.336888	201.171875	-190.722656
1120.527932	0.609134	201.171875	-190.722656
1120.529930	0.720053	201.171875	-190.722656
1120.531932	0.718057	7.898627	0.314916
1121.475995	0.718759	187.402344	118.554687
1121.477998	0.716653	7.883180	0.401945
1122.618574	0.510116	212.402344	-181.542969
1122.620576	0.708727	212.402344	-181.542969
1122.622577	0.718465	212.402344	-181.542969
1122.626574	0.715642	7.872066	0.252881
1123.538573	0.250914	189.062500	110.839844
1123.540575	0.529415	189.062500	110.839844
1123.544574	0.717975	189.062500	110.839844
1123.546576	0.716330	189.062500	110.839844
1123.548575	0.715258	7.867839	0.422499
1124.678661	0.377038	203.417969	-180.664062
1124.680664	0.640917	203.417969	-180.664062
1124.682662	0.719010	203.417969	-180.664062
1124.684663	0.716797	7.884766	0.334336
1125.624690	0.336124	189.355469	108.496094
1125.626692	0.608327	189.355469	108.496094
1125.628691	0.720041	189.355469	108.496094
1125.630691	0.718139	7.899530	0.372640
1126.727261	0.280808	199.609375	-190.722656
1126.729262	0.557528	199.609375	-190.722656
1126.731260	0.717367	199.609375	-190.722656
1126.733263	0.718263	7.900895	0.325500
1127.695805	0.220145	186.035156	114.941406
1127.697807	0.501084	186.035156	114.941406
1127.699808	0.706409	186.035156	114.941406
1127.701809	0.718874	186.035156	114.941406
1127.703809	0.717160	7.888762	0.401970
1128.807824	0.342613	191.406250	-190.039062
1128.809825	0.614037	191.406250	-190.039062
1128.811825	0.720647	191.406250	-190.039062
1128.813825	0.718497	7.903465	0.323805
1129.773876	0.452935	182.324219	120.312500
1129.775879	0.686899	182.324219	120.312500
1129.777878	0.718316	182.324219	120.312500
1129.779879	0.716436	7.880795	0.374294
1130.882459	0.621205	187.988281	-187.988281
1130.884461	0.720141	187.988281	-187.988281
1130.886461	0.717900	7.896898	0.275873
1131.836509	0.530129	186.816406	118.652344
1131.838510	0.713300	186.816406	118.652344
1131.840509	0.718246	186.816406	118.652344
1131.842510	0.716569	7.882258	0.419703
1132.944578	0.473436	192.480469	-189.550781
1132.946581	0.696791	192.480469	-189.550781
1132.948579	0.719415	192.480469	-189.550781
1132.950581	0.717540	7.892937	0.339522
1133.906637	0.493588	180.957031	120.898437
1133.908640	0.703955	180.957031	120.898437
1133.910639	0.718850	180.957031	120.898437
1133.912640	0.717093	7.888018	0.472566
1135.022690	0.552394	191.796875	-188.964844
1135.024693	0.718865	191.796875	-188.964844
1135.026691	0.716975	7.886724	0.298827
1135.981275	0.477768	181.933594	118.359375
1135.983277	0.697766	181.933594	118.359375
1135.985277	0.718308	181.933594	118.359375
1135.987278	0.716582	7.882400	0.386792
1137.089871	0.544190	196.484375	-184.472656
1137.091873	0.715524	196.484375	-184.472656
1137.093872	0.718016	196.484375	-184.472656
1137.095874	0.716469	7.881159	0.642090
1138.039954	0.414316	182.421875	113.769531
1138.041956	0.665906	182.421875	113.769531
1138.043954	0.718539	182.421875	113.769531
1138.045955	0.716488	7.881363	0.395037
1139.163989	0.388250	203.222656	-177.343750
1139.165995	0.648993	203.222656	-177.343750
1139.167994	0.719120	203.222656	-177.343750
1139.169995	0.716803	7.884828	0.313030
1140.108564	0.519868	181.835937	115.429687
1140.110565	0.710683	181.835937	115.429687
1140.112565	0.717875	181.835937	115.429687
1140.114566	0.716278	7.879059	0.403170
1141.243152	0.432131	209.667969	-173.535156
1141.245155	0.676281	209.667969	-173.535156
1141.247154	0.718436	209.667969	-173.535156
1141.249154	0.716401	7.880415	0.301990
1142.177191	0.715580	172.265625	126.757812
1142.179194	0.717972	172.265625	126.757812
1142.181193	0.716388	7.880272	0.696329
1143.307294	0.659068	195.507812	-180.468750
1143.309296	0.719129	195.507812	-180.468750
1143.311298	0.716947	7.886414	0.306431
1144.257329	0.329386	176.953125	125.683594
1144.259330	0.341987	176.953125	125.683594
1144.261331	0.719242	176.953125	125.683594
1144.263331	0.717529	7.892822	0.417353
1145.369865	0.714995	194.238281	-185.058594
1145.371868	0.714029	7.854324	0.324217
1146.328805	0.355292	173.632812	119.238281
1146.330807	0.624549	173.632812	119.238281
1146.332807	0.720769	173.632812	119.238281
1146.334806	0.718428	7.902712	0.379240
1147.444892	0.362141	202.832031	-170.507812
1147.446894	0.629684	202.832031	-170.507812
1147.448894	0.634652	202.832031	-170.507812
1147.450894	0.719493	7.914428	0.327433
1148.384943	0.311607	173.730469	124.023437
1148.388945	0.719402	173.730469	124.023437
1148.390947	0.718133	173.730469	124.023437
1148.392946	0.716745	7.884190	0.411931
1149.520950	0.255661	199.414062	-175.976562
1149.522952	0.533805	199.414062	-175.976562
1149.524950	0.714006	199.414062	-175.976562
1149.526951	0.718309	199.414062	-175.976562
1149.528950	0.718252	7.900771	0.302216
1150.462968	0.210058	170.703125	129.687500
1150.464969	0.491742	170.703125	129.687500
1150.466970	0.702837	170.703125	129.687500
1150.468970	0.718211	170.703125	129.687500
1150.470969	0.716522	7.881744	0.413900
1151.573005	0.536672	186.425781	-179.882812
1151.575007	0.714066	186.425781	-179.882812
1151.577006	0.717836	186.425781	-179.882812
1151.581005	0.715078	7.865862	0.330518
1152.541054	0.517396	174.414062	118.847656
1152.543055	0.710092	174.414062	118.847656
1152.545055	0.717889	174.414062	118.847656
1152.547056	0.716256	7.878819	0.567085
1153.659601	0.474259	204.687500	-168.164062
1153.661601	0.696419	204.687500	-168.164062
1153.663602	0.718419	204.687500	-168.164062
1153.665601	0.716681	7.883490	0.318738
1154.593691	0.309939	171.777344	126.953125
1154.595694	0.585091	171.777344	126.953125
1154.597693	0.720073	171.777344	126.953125
1154.599693	0.718797	7.906762	0.398096
1155.727730	0.645115	192.773437	-174.707031
1155.729731	0.719206	192.773437	-174.707031
1155.731734	0.717025	7.887274	0.302418
1156.675740	0.381344	167.968750	130.957031
1156.677741	0.644248	167.968750	130.957031
1156.679743	0.719727	167.968750	130.957031
1156.681740	0.717474	7.892210	0.404820
1157.787794	0.520845	187.109375	-176.660156
1157.789795	0.711172	187.109375	-176.660156
1157.793793	0.716580	187.109375	-176.660156
1157.795795	0.715488	7.870365	0.527235
1158.747825	0.508348	170.898437	120.800781
1158.749828	0.708052	170.898437	120.800781
1158.751826	0.718301	170.898437	120.800781
1158.753827	0.716611	7.882719	0.390912
1159.863883	0.423037	205.859375	-166.210937
1159.865883	0.671515	205.859375	-166.210937
1159.867882	0.719303	205.859375	-166.210937
1159.871882	0.715911	7.875026	0.330691
1160.805937	0.438242	170.800781	127.832031
1160.807938	0.679698	170.800781	127.832031
1160.809939	0.718764	170.800781	127.832031
1160.811938	0.716829	7.885120	0.402452
1161.940032	0.509480	194.824219	-171.484375
1161.942035	0.708634	194.824219	-171.484375
1161.944035	0.718457	194.824219	-171.484375
1161.946034	0.716781	7.884589	0.461238
1162.886041	0.326100	171.386719	132.421875
1162.888044	0.599665	171.386719	132.421875
1162.890043	0.719244	171.386719	132.421875
1162.892043	0.717629	7.893920	0.407283
1163.992095	0.703523	189.843750	-177.050781
1164.000095	0.714594	189.843750	-177.050781
1164.002094	0.713879	7.852666	0.335074
1164.962611	0.672667	167.089844	127.929687
1164.964612	0.718488	167.089844	127.929687
1164.966612	0.716492	7.881416	0.381278
1166.070769	0.479350	197.851562	-166.113281
1166.072772	0.698722	197.851562	-166.113281
1166.074771	0.718681	197.851562	-166.113281
1166.076773	0.716927	7.886193	0.342176
1167.018774	0.325919	172.753906	124.316406
1167.020775	0.599414	172.753906	124.316406
1167.022776	0.719500	172.753906	124.316406
1167.024776	0.717772	7.895490	0.389634
1168.145399	0.445275	203.515625	-160.058594
1168.147401	0.683307	203.515625	-160.058594
1168.149400	0.718519	203.515625	-160.058594
1168.151400	0.716645	7.883091	0.323428
1169.087483	0.266955	161.230469	135.058594
1169.089488	0.544133	161.230469	135.058594
1169.091491	0.716376	161.230469	135.058594
1169.093492	0.718681	161.230469	135.058594
1169.095492	0.717195	7.889144	0.393997
1170.221552	0.532753	204.785156	-165.917969
1170.225552	0.717995	204.785156	-165.917969
1170.227554	0.716372	204.785156	-165.917969
1170.229554	0.715236	7.867591	0.318822
1171.156134	0.591122	166.601562	135.449219
1171.158142	0.719353	166.601562	135.449219
1171.160146	0.717883	7.896712	0.404647
1172.274750	0.349419	197.167969	-169.726562
1172.276751	0.619718	197.167969	-169.726562
1172.278750	0.720603	197.167969	-169.726562
1172.280751	0.718379	7.902171	0.327068
1173.236804	0.705437	158.886719	140.039062
1173.238807	0.718609	158.886719	140.039062
1173.240806	0.716936	7.886299	0.481946
1174.350868	0.571703	183.203125	-168.750000
1174.352870	0.718266	183.203125	-168.750000
1174.354869	0.718019	7.898210	0.316069
1175.304940	1.986366	166.308594	135.058594
1175.306941	0.691199	166.308594	135.058594
1175.308941	0.718523	166.308594	135.058594
1175.310942	0.716676	7.883437	0.395626
1176.409019	0.489788	190.332031	-172.851562
1176.411020	0.702291	190.332031	-172.851562
1176.413021	0.718310	190.332031	-172.851562
1176.415022	0.716591	7.882506	0.392522
1177.375073	0.264158	163.671875	137.011719
1177.379105	0.716430	163.671875	137.011719
1177.381106	0.718694	163.671875	137.011719
1177.385104	0.716111	7.877224	0.403924
1178.483661	0.562270	187.597656	-171.093750
1178.485663	0.717721	187.597656	-171.093750
1178.487662	0.718151	7.899663	0.711615
1179.443688	0.425890	161.621094	138.867187
1179.445690	0.672923	161.621094	138.867187
1179.447690	0.718803	161.621094	138.867187
1179.453687	0.714523	7.859756	0.391103
1180.553757	0.362998	184.375000	-167.871094
1180.555759	0.630500	184.375000	-167.871094
1180.557763	0.719705	184.375000	-167.871094
1180.559763	0.717502	7.892521	0.326382
1181.509807	0.609016	163.378906	138.671875
1181.511807	0.719266	163.378906	138.671875
1181.517806	0.714980	7.864781	0.415961
1182.628411	0.713077	191.210937	-165.625000
1182.630414	0.717784	191.210937	-165.625000
1182.632414	0.716173	7.877906	0.580617
1183.580429	0.448684	160.839844	140.527344
1183.582432	0.684976	160.839844	140.527344
1183.584432	0.718511	160.839844	140.527344
1183.586432	0.716583	7.882409	0.391888
1184.699380	0.515465	200.390625	-162.402344
1184.701382	0.709822	200.390625	-162.402344
1184.703381	0.718133	200.390625	-162.402344
1184.705380	0.716474	7.881212	0.497129
1185.639886	0.316952	162.792969	137.890625
1185.641887	0.591335	162.792969	137.890625
1185.643888	0.718988	162.792969	137.890625
1185.645890	0.717682	7.894506	0.410385
1186.770854	0.329919	203.417969	-157.617187
1186.772857	0.603084	203.417969	-157.617187
1186.774856	0.720205	203.417969	-157.617187
1186.778855	0.716879	7.885670	0.330921
1187.712905	0.414723	160.546875	133.593750
1187.714907	0.666424	160.546875	133.593750
1187.716907	0.719093	160.546875	133.593750
1187.718906	0.716906	7.885962	0.388831
1188.837021	0.649300	199.511719	-158.007812
1188.839024	0.719342	199.511719	-158.007812
1188.841028	0.717126	7.888381	0.342260
1189.791075	0.444978	159.570312	132.421875
1189.793076	0.683407	159.570312	132.421875
1189.795077	0.719091	159.570312	132.421875
1189.797076	0.717165	7.888816	0.384483
1190.895117	0.324139	184.863281	-163.476562
1190.897120	0.597970	184.863281	-163.476562
1190.899118	0.719608	184.863281	-163.476562
1190.901120	0.717869	7.896562	0.358713
1191.869135	0.369346	155.859375	141.796875
1191.871142	0.635320	155.859375	141.796875
1191.873145	0.719601	155.859375	141.796875
1191.875147	0.717396	7.891359	0.375776
1192.967228	0.454359	180.078125	-164.746094
1192.969229	0.687955	180.078125	-164.746094
1192.971231	0.718840	180.078125	-164.746094
1192.973228	0.717031	7.887336	0.339678
1193.929259	0.452874	157.812500	143.261719
1193.931260	0.686898	157.812500	143.261719
1193.933261	0.718327	157.812500	143.261719
1193.935261	0.716432	7.880751	0.406612
1195.050271	0.485338	196.093750	-157.519531
1195.052274	0.700738	196.093750	-157.519531
1195.054272	0.718412	196.093750	-157.519531
1195.056273	0.716685	7.883534	0.365655
1195.988289	0.332014	154.785156	140.136719
1195.990291	0.604861	154.785156	140.136719
1195.992292	0.720148	154.785156	140.136719
1195.994293	0.718238	7.900620	0.398061
1197.116308	0.307873	198.925781	-154.785156
1197.118311	0.321465	198.925781	-154.785156
1197.120311	0.719837	198.925781	-154.785156
1197.122310	0.718821	7.907028	0.354649
1198.068360	0.499678	159.375000	133.496094
1198.070362	0.705255	159.375000	133.496094
1198.072360	0.718051	159.375000	133.496094
1198.074361	0.716333	7.879662	0.482751
1199.166429	0.316639	181.445312	-161.914062
1199.168430	0.591191	181.445312	-161.914062
1199.170432	0.719630	181.445312	-161.914062
1199.172430	0.718215	7.900363	0.370540
1200.141946	2.064898	157.031250	142.187500
1200.147280	0.664977	157.031250	142.187500
1200.149280	0.719123	157.031250	142.187500
1200.151281	0.717001	7.887008	0.395151
1201.247872	0.341371	184.472656	-162.304687
1201.249875	0.612961	184.472656	-162.304687
1201.251874	0.720275	184.472656	-162.304687
1201.253875	0.718091	7.898998	0.341512
1202.203912	0.305850	156.835937	145.507812
1202.205916	0.581096	156.835937	145.507812
1202.207915	0.718338	156.835937	145.507812
1202.209916	0.717540	7.892937	0.393533
1203.323952	0.275248	197.949219	-153.515625
1203.325953	0.286457	197.949219	-153.515625
1203.327954	0.716997	197.949219	-153.515625
1203.329954	0.718415	7.902571	0.344733
1204.267995	0.441543	154.785156	140.234375
1204.269998	0.681393	154.785156	140.234375
1204.271998	0.718726	154.785156	140.234375
1204.273998	0.716747	7.884216	0.396219
1205.388021	0.393743	198.730469	-153.027344
1205.390024	0.652994	198.730469	-153.027344
1205.392025	0.719308	198.730469	-153.027344
1205.394025	0.717070	7.887771	0.370917
1206.352019	0.589123	156.835937	136.621094
1206.354020	0.718701	156.835937	136.621094
1206.356022	0.717579	7.893371	0.367625
1207.446101	0.279486	182.031250	-160.644531
1207.448102	0.556183	182.031250	-160.644531
1207.450106	0.717590	182.031250	-160.644531
1207.452104	0.718594	7.904537	0.373180
1208.422161	0.430469	158.105469	142.773437
1208.424163	0.675452	158.105469	142.773437
1208.426164	0.718613	158.105469	142.773437
1208.428168	0.716616	7.882781	0.402526
1209.522206	0.345710	178.417969	-160.449219
1209.524206	0.616821	178.417969	-160.449219
1209.526206	0.721570	178.417969	-160.449219
1209.528207	0.719162	7.910777	0.348083
1210.486283	0.430080	147.851562	151.953125
1210.488285	0.675627	147.851562	151.953125
1210.490285	0.719441	147.851562	151.953125
1210.492285	0.717326	7.890588	0.383102
1211.600356	0.531617	194.824219	-157.714844
1211.602355	0.712948	194.824219	-157.714844
1211.604356	0.717744	194.824219	-157.714844
1211.606356	0.716121	7.877331	0.325020
1212.548969	0.480380	148.828125	149.609375
1212.550970	0.698707	148.828125	149.609375
1212.552970	0.718304	148.828125	149.609375
1212.556971	0.715310	7.868415	0.398651
1213.675042	0.637060	196.289062	-150.585937
1213.677044	0.719631	196.289062	-150.585937
1213.679044	0.717408	7.891483	0.337834
1214.619082	0.596889	154.687500	142.675781
1214.621084	0.719993	154.687500	142.675781
1214.623085	0.718350	7.901853	0.922099
1215.741985	0.556521	189.550781	-146.972656
1215.743987	0.716877	189.550781	-146.972656
1215.745987	0.717979	7.897767	0.339875
1216.692053	0.389734	154.785156	139.843750
1216.694055	0.650282	154.785156	139.843750
1216.696055	0.719957	154.785156	139.843750
1216.698055	0.719874	7.918611	0.387898
1217.808651	0.687760	194.921875	-149.804687
1217.810652	0.718573	194.921875	-149.804687
1217.812653	0.716751	7.884261	0.363142
1218.765626	0.651450	155.664062	138.378906
1218.767630	0.719292	155.664062	138.378906
1218.769627	0.717026	7.887283	0.364859
1219.868625	0.596668	190.527344	-151.953125
1219.870627	0.602293	190.527344	-151.953125
1219.872628	0.717964	7.897599	0.358330
1220.837156	0.433301	149.707031	142.382812
1220.839158	0.677238	149.707031	142.382812
1220.841159	0.719074	149.707031	142.382812
1220.843158	0.717031	7.887345	0.372238
1221.943217	0.575869	186.816406	-151.464844
1221.945219	0.718807	186.816406	-151.464844
1221.947220	0.718248	7.900727	0.355095
1222.908177	0.449631	148.437500	143.652344
1222.910176	0.685423	148.437500	143.652344
1222.912179	0.718379	148.437500	143.652344
1222.914175	0.716536	7.881895	0.384520
1224.006201	0.199883	180.078125	-149.902344
1224.008202	0.482356	180.078125	-149.902344
1224.010203	0.699678	180.078125	-149.902344
1224.012203	0.718525	180.078125	-149.902344
1224.016200	0.715516	7.870675	0.363787
1224.976235	0.461789	150.292969	142.773437
1224.978235	0.691257	150.292969	142.773437
1224.980235	0.718647	150.292969	142.773437
1224.982234	0.716859	7.885448	0.364777
1226.078314	0.426437	184.570312	-149.316406
1226.080315	0.673241	184.570312	-149.316406
1226.082316	0.718937	184.570312	-149.316406
1226.084316	0.716859	7.885448	0.354498
1227.046389	0.667891	153.417969	140.625000
1227.048391	0.718805	153.417969	140.625000
1227.050391	0.716722	7.883942	0.374146
1228.149381	0.323378	194.726562	-148.437500
1228.153380	0.720029	194.726562	-148.437500
1228.155382	0.718348	194.726562	-148.437500
1228.157382	0.716930	7.886229	0.366182
1229.109400	0.449558	147.363281	144.531250
1229.111401	0.685539	147.363281	144.531250
1229.113400	0.718724	147.363281	144.531250
1229.115402	0.716819	7.885005	0.373590
1230.227413	0.685593	191.992187	-144.921875
1230.229415	0.719390	191.992187	-144.921875
1230.231414	0.717445	7.891900	0.337375
1231.177992	0.618920	149.707031	146.484375
1231.179994	0.719440	149.707031	146.484375
1231.181995	0.717325	7.890579	0.372440
1232.294575	0.365976	193.066406	-144.238281
1232.296577	0.632808	193.066406	-144.238281
1232.298577	0.639162	193.066406	-144.238281
1232.300577	0.717740	7.895144	0.340605
1233.242607	0.427976	147.753906	152.148437
1233.244611	0.673936	147.753906	152.148437
1233.246608	0.718574	147.753906	152.148437
1233.248610	0.716528	7.881806	0.395064
1234.361194	0.209366	188.671875	-147.460937
1234.363198	0.491276	188.671875	-147.460937
1234.365199	0.703015	188.671875	-147.460937
1234.367199	0.718589	188.671875	-147.460937
1234.369196	0.716894	7.885839	0.351590
1235.321265	0.650278	144.824219	157.128906
1235.323268	0.719111	144.824219	157.128906
1235.325268	0.716933	7.886264	0.381621
1236.427837	0.491247	184.375000	-152.148437
1236.429839	0.702736	184.375000	-152.148437
1236.431838	0.718324	184.375000	-152.148437
1236.433838	0.716544	7.881983	0.356812
1237.390863	0.379057	145.410156	156.640625
1237.392864	0.642391	145.410156	156.640625
1237.394865	0.719021	145.410156	156.640625
1237.396866	0.716849	7.885342	0.392486
1238.488957	0.268919	174.316406	-153.027344
1238.490963	0.546019	174.316406	-153.027344
1238.492968	0.715875	174.316406	-153.027344
1238.494966	0.718059	7.898653	0.350342
1239.469540	0.426610	145.117187	151.953125
1239.471542	0.673382	145.117187	151.953125
1239.473542	0.719004	145.117187	151.953125
1239.475543	0.716958	7.886539	0.366037
1240.559635	0.362278	175.292969	-145.410156
1240.561636	0.629908	175.292969	-145.410156
1240.563637	0.719701	175.292969	-145.410156
1240.565636	0.717474	7.892219	0.356357
1241.527692	0.361253	146.777344	146.484375
1241.529691	0.629116	146.777344	146.484375
1241.531692	0.720271	146.777344	146.484375
1241.533693	0.717936	7.897297	0.374171
1242.637750	0.367790	194.531250	-141.699219
1242.639753	0.634346	194.531250	-141.699219
1242.641752	0.720693	194.531250	-141.699219
1242.645750	0.717019	7.887212	0.343236
1243.591780	0.356245	142.187500	153.710937
1243.593782	0.367860	142.187500	153.710937
1243.595781	0.723913	142.187500	153.710937
1243.597782	0.721608	7.937692	0.369733
1244.709901	0.325816	197.656250	-144.238281
1244.711903	0.599483	197.656250	-144.238281
1244.713907	0.720675	197.656250	-144.238281
1244.715906	0.718855	7.907400	0.337222
1245.661959	0.377665	141.503906	160.156250
1245.663960	0.641417	141.503906	160.156250
1245.665959	0.719245	141.503906	160.156250
1245.667958	0.717029	7.887318	0.386393
1246.776003	0.664398	174.023437	-146.289062
1246.778003	0.719445	174.023437	-146.289062
1246.780004	0.717284	7.890128	0.341396
1247.742079	0.448393	143.359375	159.765625
1247.744081	0.684903	143.359375	159.765625
1247.748085	0.716799	143.359375	159.765625
1247.750087	0.715580	7.871375	0.364725
1248.837089	0.337531	164.062500	-148.632812
1248.839091	0.609629	164.062500	-148.632812
1248.841091	0.720210	164.062500	-148.632812
1248.843091	0.718187	7.900062	0.337210
1249.813141	0.361937	140.429687	156.152344
1249.815141	0.629770	140.429687	156.152344
1249.817140	0.720671	140.429687	156.152344
1249.819142	0.718278	7.901054	0.367924
1250.905175	0.424621	174.902344	-143.847656
1250.907177	0.672382	174.902344	-143.847656
1250.909176	0.718980	174.902344	-143.847656
1250.911176	0.716885	7.885732	0.363159
1251.879237	0.579704	145.800781	148.339844
1251.881238	0.718875	145.800781	148.339844
1251.883239	0.718033	7.898361	0.360947
1252.979792	1.918360	181.738281	-137.109375
1252.981800	0.539300	181.738281	-137.109375
1252.985801	0.719839	181.738281	-137.109375
1252.987802	0.718125	181.738281	-137.109375
1252.989803	0.717110	7.888205	0.357315
1253.939821	0.392797	138.964844	154.687500
1253.941823	0.652320	138.964844	154.687500
1253.943823	0.719489	138.964844	154.687500
1253.945823	0.717240	7.889640	0.362380
1255.056306	0.331627	187.597656	-136.816406
1255.058308	0.604481	187.597656	-136.816406
1255.060308	0.719720	187.597656	-136.816406
1255.062307	0.717892	7.896810	0.341741
1256.006415	0.519316	143.457031	158.007812
1256.008417	0.710655	143.457031	158.007812
1256.010418	0.718039	143.457031	158.007812
1256.012417	0.716371	7.880086	0.556896
1257.124475	0.341747	192.285156	-140.429687
1257.126479	0.613326	192.285156	-140.429687
1257.128482	0.624542	192.285156	-140.429687
1257.130481	0.718263	7.900895	0.332930
1258.079450	0.655463	140.527344	163.085937
1258.081452	0.720011	140.527344	163.085937
1258.083452	0.717759	7.895347	0.375140
1259.190005	0.266736	180.468750	-141.601562
1259.192022	0.544011	180.468750	-141.601562
1259.194024	0.716613	180.468750	-141.601562
1259.196025	0.718826	180.468750	-141.601562
1259.198026	0.717243	7.889676	0.335927
1260.152114	0.487571	137.402344	166.015625
1260.154114	0.701437	137.402344	166.015625
1260.156117	0.718264	137.402344	166.015625
1260.158116	0.716544	7.881983	0.411784
1261.256165	0.583271	178.222656	-144.140625
1261.258167	0.590011	178.222656	-144.140625
1261.260166	0.717711	7.894825	0.345022
1262.222703	0.356959	138.574219	165.136719
1262.224705	0.625654	138.574219	165.136719
1262.226705	0.720325	138.574219	165.136719
1262.228705	0.718044	7.898484	0.377120
1263.324703	0.503775	167.773437	-143.554687
1263.326705	0.706854	167.773437	-143.554687
1263.328705	0.718379	167.773437	-143.554687
1263.330705	0.716717	7.883888	0.459926
1264.296755	0.698826	137.011719	165.722656
1264.298756	0.718906	137.011719	165.722656
1264.300756	0.717122	7.888346	0.366731
1265.392776	0.620087	167.871094	-144.238281
1265.394779	0.719568	167.871094	-144.238281
1265.396778	0.717495	7.892449	0.334817
1266.364821	0.468113	136.035156	166.406250
1266.366824	0.693769	136.035156	166.406250
1266.368826	0.718330	136.035156	166.406250
1266.370822	0.716513	7.881646	0.370108
1267.458914	0.582918	161.328125	-142.285156
1267.460918	0.718464	161.328125	-142.285156
1267.462917	0.717531	7.892839	0.344458
1268.432985	0.281251	136.328125	166.796875
1268.434989	0.557820	136.328125	166.796875
1268.436988	0.718013	136.328125	166.796875
1268.438988	0.718820	7.907019	0.368940
1269.529035	0.440241	162.011719	-141.503906
1269.531037	0.680905	162.011719	-141.503906
1269.533038	0.719008	162.011719	-141.503906
1269.535037	0.717084	7.887920	0.335186
1270.501076	0.389883	137.988281	166.601562
1270.503078	0.650135	137.988281	166.601562
1270.505079	0.719237	137.988281	166.601562
1270.507078	0.717033	7.887362	0.375068
1271.595149	0.290394	163.964844	-141.015625
1271.597153	0.566721	163.964844	-141.015625
1271.599151	0.717924	163.964844	-141.015625
1271.601152	0.718005	7.898060	0.347185
1272.569212	0.465299	138.476562	166.210937
1272.571213	0.692708	138.476562	166.210937
1272.573213	0.718569	138.476562	166.210937
1272.575213	0.716735	7.884084	0.368445
1273.669269	0.395641	169.726562	-140.039062
1273.671271	0.654157	169.726562	-140.039062
1273.673270	0.719196	169.726562	-140.039062
1273.675271	0.717046	7.887504	0.337731
1274.637284	0.628779	135.644531	168.652344
1274.639286	0.719571	135.644531	168.652344
1274.641286	0.717388	7.891271	0.370653
1275.741302	0.285072	172.265625	-137.011719
1275.743302	0.561612	172.265625	-137.011719
1275.747300	0.718909	172.265625	-137.011719
1275.749302	0.717367	7.891032	0.333365
1276.701341	0.432884	134.570312	169.042969
1276.703342	0.676760	134.570312	169.042969
1276.705340	0.718578	134.570312	169.042969
1276.707341	0.716592	7.882515	0.370993
1277.817392	0.623490	183.398437	-135.351562
1277.819394	0.719861	183.398437	-135.351562
1277.821394	0.717666	7.894328	0.331374
1278.769435	0.648718	133.007812	167.773437
1278.771437	0.719652	133.007812	167.773437
1278.773438	0.717464	7.892104	0.361678
1279.881489	0.396242	184.179687	-131.542969
1279.883492	0.654574	184.179687	-131.542969
1279.885492	0.719323	184.179687	-131.542969
1279.887492	0.717135	7.888488	0.350529
1280.837583	0.352178	139.746094	159.960937
1280.839585	0.622110	139.746094	159.960937
1280.843585	0.719248	139.746094	159.960937
1280.845584	0.717827	7.896092	0.359062
1281.949620	0.506574	181.933594	-129.980469
1281.951621	0.707963	181.933594	-129.980469
1281.953622	0.718781	181.933594	-129.980469
1281.955621	0.717107	7.888178	0.476535
1282.911697	0.353699	137.500000	158.398437
1282.913699	0.623695	137.500000	158.398437
1282.915699	0.723642	137.500000	158.398437
1282.917699	0.721382	7.935201	0.346452
1284.011742	0.355978	169.921875	-131.738281
1284.013744	0.625035	169.921875	-131.738281
1284.015742	0.720072	169.921875	-131.738281
1284.019742	0.716545	7.881992	0.355595
1284.985785	0.277596	139.648437	158.691406
1284.987789	0.554319	139.648437	158.691406
1284.989794	0.717670	139.648437	158.691406
1284.991794	0.718750	7.906248	0.357487
1286.075823	0.400337	158.203125	-136.621094
1286.077824	0.410861	158.203125	-136.621094
1286.079823	0.719241	158.203125	-136.621094
1286.081823	0.717055	7.887610	0.351977
1287.057832	0.538184	137.304687	166.015625
1287.059828	0.715506	137.304687	166.015625
1287.061829	0.719000	137.304687	166.015625
1287.063830	0.717396	7.891359	0.364274
1288.150400	0.719345	157.910156	-138.183594
1288.152401	0.717234	157.910156	-138.183594
1288.154401	0.715928	7.875204	0.342245
1289.120436	0.218779	131.542969	172.851562
1289.122438	0.499887	131.542969	172.851562
1289.124438	0.705579	131.542969	172.851562
1289.126438	0.718355	131.542969	172.851562
1289.128439	0.716728	7.884012	0.369426
1290.222501	0.399908	170.312500	-135.449219
1290.224502	0.657164	170.312500	-135.449219
1290.226503	0.719732	170.312500	-135.449219
1290.228503	0.717461	7.892068	0.330851
1291.186534	0.686860	127.343750	174.804687
1291.188536	0.719290	127.343750	174.804687
1291.190536	0.717349	7.890836	0.366864
1292.298598	0.655958	176.074219	-130.371094
1292.300599	0.719683	176.074219	-130.371094
1292.302598	0.717477	7.892246	0.334252
1293.252600	0.464799	130.468750	169.140625
1293.254603	0.693817	130.468750	169.140625
1293.256604	0.720737	130.468750	169.140625
1293.258603	0.718556	7.904113	0.353357
1294.364637	0.389981	185.937500	-127.929687
1294.366638	0.650261	185.937500	-127.929687
1294.368638	0.719307	185.937500	-127.929687
1294.370638	0.717029	7.887318	0.340954
1295.321200	0.285085	136.328125	162.011719
1295.323200	0.561523	136.328125	162.011719
1295.325202	0.717387	136.328125	162.011719
1295.327201	0.717831	7.896145	0.349842
1296.427257	0.358553	173.339844	-127.832031
1296.429259	0.627227	173.339844	-127.832031
1296.431259	0.720987	173.339844	-127.832031
1296.435257	0.717248	7.889729	0.349333
1297.399282	0.428186	136.328125	161.132812
1297.401285	0.674298	136.328125	161.132812
1297.403285	0.719012	136.328125	161.132812
1297.405285	0.716989	7.886875	0.339311
1298.491852	0.510173	159.375000	-129.882812
1298.493854	0.708393	159.375000	-129.882812
1298.495852	0.709543	159.375000	-129.882812
1298.497854	0.716583	7.882417	0.357404
1299.469917	0.354852	132.714844	165.722656
1299.471919	0.624647	132.714844	165.722656
1299.473919	0.723667	132.714844	165.722656
1299.475918	0.721370	7.935069	0.358850
1300.559945	0.528052	168.066406	-135.839844
1300.561948	0.713453	168.066406	-135.839844
1300.563948	0.718847	168.066406	-135.839844
1300.565948	0.717247	7.889720	0.346442
1301.540921	0.437109	133.398437	170.605469
1301.542923	0.679040	133.398437	170.605469
1301.544929	0.718500	133.398437	170.605469
1301.546924	0.716555	7.882107	0.353670
1302.627463	0.414330	157.910156	-135.449219
1302.629465	0.666282	157.910156	-135.449219
1302.631467	0.719394	157.910156	-135.449219
1302.633466	0.717206	7.889268	0.346605
1303.607485	0.368939	132.324219	173.632812
1303.609489	0.635224	132.324219	173.632812
1303.613490	0.718105	132.324219	173.632812
1303.615491	0.716775	7.884526	0.354410
1304.702075	0.644996	166.015625	-135.742187
1304.704077	0.648520	166.015625	-135.742187
1304.706077	0.717329	7.890624	0.331417
1305.674633	0.570524	127.636719	177.636719
1305.676633	0.717848	127.636719	177.636719
1305.678635	0.717648	7.894125	0.361036
1306.770682	0.323374	159.863281	-133.105469
1306.772684	0.597300	159.863281	-133.105469
1306.774683	0.720325	159.863281	-133.105469
1306.776683	0.718660	7.905255	0.338360
1307.742749	0.503247	127.636719	177.734375
1307.744752	0.706625	127.636719	177.734375
1307.746750	0.718463	127.636719	177.734375
1307.748750	0.716782	7.884606	0.473297
1308.838828	0.506004	165.039062	-132.714844
1308.840829	0.707664	165.039062	-132.714844
1308.842830	0.718499	165.039062	-132.714844
1308.844830	0.716850	7.885350	0.472534
1309.810844	0.521049	125.781250	179.296875
1309.812847	0.711285	125.781250	179.296875
1309.814846	0.712259	125.781250	179.296875
1309.816848	0.716550	7.882045	0.359801
1310.910893	0.454490	170.800781	-132.812500
1310.912895	0.688393	170.800781	-132.812500
1310.914895	0.719477	170.800781	-132.812500
1310.918892	0.716414	7.880556	0.332902
1311.875854	0.308006	129.882812	177.539062
1311.877854	0.583238	129.882812	177.539062
1311.879855	0.720346	129.882812	177.539062
1311.881855	0.719238	7.911618	0.369436
1312.975886	0.379794	157.324219	-131.542969
1312.981886	0.717167	157.324219	-131.542969
1312.983888	0.715913	157.324219	-131.542969
1312.985887	0.714916	7.864073	0.339851
1313.949886	0.423021	127.050781	178.906250
1313.951887	0.671548	127.050781	178.906250
1313.953887	0.719389	127.050781	178.906250
1313.955889	0.719265	7.911911	0.358837
1315.043930	0.511452	169.531250	-133.984375
1315.045931	0.709095	169.531250	-133.984375
1315.047930	0.718475	169.531250	-133.984375
1315.049929	0.716838	7.885218	0.496095
1316.019967	0.498987	127.929687	178.515625
1316.021968	0.704952	127.929687	178.515625
1316.023971	0.717950	127.929687	178.515625
1316.025968	0.716294	7.879236	0.455276
1317.110026	0.484308	153.515625	-132.128906
1317.112027	0.700405	153.515625	-132.128906
1317.114028	0.718579	153.515625	-132.128906
1317.116027	0.716869	7.885554	0.377911
1318.092112	0.440810	128.515625	177.050781
1318.094113	0.681162	128.515625	177.050781
1318.096115	0.718830	128.515625	177.050781
1318.098115	0.716905	7.885954	0.353806
1319.178156	0.274076	152.148437	-130.859375
1319.180157	0.550909	152.148437	-130.859375
1319.182156	0.716177	152.148437	-130.859375
1319.184158	0.717854	7.896393	0.339816
1320.162180	0.358838	127.050781	174.707031
1320.164184	0.627375	127.050781	174.707031
1320.166182	0.720351	127.050781	174.707031
1320.168182	0.718090	7.898990	0.339982
1321.248249	0.532916	163.476562	-128.222656
1321.250249	0.713840	163.476562	-128.222656
1321.252250	0.718291	163.476562	-128.222656
1321.254250	0.716750	7.884252	0.601994
1322.228840	0.480707	129.003906	169.824219
1322.230842	0.699208	129.003906	169.824219
1322.232843	0.718711	129.003906	169.824219
1322.234842	0.716990	7.886892	0.353752
1323.320885	0.523881	173.144531	-124.902344
1323.322885	0.711743	173.144531	-124.902344
1323.324885	0.718158	173.144531	-124.902344
1323.326887	0.716564	7.882205	0.552560
1324.291898	0.576992	134.570312	166.406250
1324.293902	0.718168	134.570312	166.406250
1324.295901	0.717552	7.893070	0.344086
1325.392505	0.480055	173.339844	-120.507812
1325.394507	0.699378	173.339844	-120.507812
1325.396507	0.719141	173.339844	-120.507812
1325.398509	0.717404	7.891439	0.346898
1326.356554	0.367614	128.906250	172.265625
1326.358555	0.634039	128.906250	172.265625
1326.360554	0.719643	128.906250	172.265625
1326.362555	0.717374	7.891111	0.343187
1327.464600	0.271947	183.593750	-121.289062
1327.468605	0.716471	183.593750	-121.289062
1327.470606	0.718282	183.593750	-121.289062
1327.472606	0.716757	7.884323	0.333940
1328.423141	0.282413	127.441406	177.832031
1328.425142	0.558898	127.441406	177.832031
1328.427143	0.717043	127.441406	177.832031
1328.429142	0.717839	7.896225	0.354035
1329.533177	0.339958	180.859375	-123.632812
1329.535179	0.611704	180.859375	-123.632812
1329.537181	0.616701	180.859375	-123.632812
1329.539180	0.717636	7.894001	0.345461
1330.499256	0.719477	121.875000	184.863281
1330.501257	0.717347	7.890819	0.346781
1331.599372	0.360335	167.871094	-125.292969
1331.601374	0.628443	167.871094	-125.292969
1331.603374	0.719964	167.871094	-125.292969
1331.605373	0.717736	7.895099	0.334593
1332.567386	0.387742	127.539062	183.007812
1332.569387	0.648917	127.539062	183.007812
1332.571386	0.719987	127.539062	183.007812
1332.575386	0.716404	7.880441	0.364816
1333.665978	0.625373	164.453125	-128.027344
1333.667980	0.720513	164.453125	-128.027344
1333.669980	0.720497	7.925470	0.329797
1334.638529	0.277489	127.539062	181.445312
1334.640533	0.554284	127.539062	181.445312
1334.642536	0.718006	127.539062	181.445312
1334.644535	0.719178	7.910963	0.357057
1335.732600	0.701415	152.832031	-127.343750
1335.734601	0.718507	152.832031	-127.343750
1335.736602	0.716782	7.884598	0.378768
1336.714648	0.432899	126.562500	178.808594
1336.716648	0.676847	126.562500	178.808594
1336.718649	0.718869	126.562500	178.808594
1336.720649	0.716823	7.885049	0.338638
1337.798749	0.565071	161.132812	-125.390625
1337.800750	0.571139	161.132812	-125.390625
1337.802750	0.718055	7.898600	0.342804
1338.779308	1.418464	126.562500	174.316406
1338.781310	0.632105	126.562500	174.316406
1338.783310	0.719966	126.562500	174.316406
1338.785310	0.717684	7.894523	0.340558
1339.867377	0.303150	156.933594	-120.410156
1339.869378	0.578800	156.933594	-120.410156
1339.871379	0.719728	156.933594	-120.410156
1339.873381	0.718862	7.907480	0.346984
1340.845446	0.250769	125.585937	173.632812
1340.847449	0.529404	125.585937	173.632812
1340.849450	0.714856	125.585937	173.632812
1340.851449	0.720226	125.585937	173.632812
1340.853448	0.718487	7.903359	0.330939
1341.943518	0.676778	175.976562	-119.335937
1341.945520	0.719692	175.976562	-119.335937
1341.947519	0.717556	7.893114	0.335001
1342.911516	0.451144	127.636719	173.144531
1342.913519	0.686261	127.636719	173.144531
1342.915518	0.718761	127.636719	173.144531
1342.917517	0.716852	7.885377	0.331770
1344.013580	0.670213	175.000000	-117.187500
1344.015582	0.719797	175.000000	-117.187500
1344.017583	0.717548	7.893025	0.342598
1344.980132	0.555497	126.562500	175.195312
1344.982134	0.716269	126.562500	175.195312
1344.984136	0.716787	7.884659	0.336205
1346.080197	0.421650	175.585937	-116.699219
1346.082198	0.670873	175.585937	-116.699219
1346.084201	0.719780	175.585937	-116.699219
1346.086198	0.719651	7.916156	0.335874
1347.044204	0.301984	128.417969	175.292969
1347.046205	0.577635	128.417969	175.292969
1347.048207	0.719032	128.417969	175.292969
1347.050207	0.718376	7.902136	0.342071
1348.149151	0.253143	176.855469	-116.308594
1348.151153	0.531509	176.855469	-116.308594
1348.153152	0.714649	176.855469	-116.308594
1348.155153	0.719384	176.855469	-116.308594
1348.157153	0.717750	7.895250	0.342524
1349.115193	0.609433	122.363281	179.394531
1349.117194	0.719802	122.363281	179.394531
1349.119194	0.717845	7.896296	0.328461
1350.225222	0.351663	166.308594	-115.234375
1350.227226	0.621622	166.308594	-115.234375
1350.229224	0.720667	166.308594	-115.234375
1350.231224	0.718334	7.901675	0.320657
1351.181269	0.299302	123.046875	179.199219
1351.183269	0.575114	123.046875	179.199219
1351.185272	0.718665	123.046875	179.199219
1351.187271	0.718081	7.898892	0.333727
1352.289357	0.476548	177.050781	-116.015625
1352.291360	0.697852	177.050781	-116.015625
1352.293358	0.719060	177.050781	-116.015625
1352.297357	0.716202	7.878225	0.331309
1353.253371	0.377529	122.753906	178.906250
1353.255374	0.641546	122.753906	178.906250
1353.257378	0.720117	122.753906	178.906250
1353.259383	0.717768	7.895445	0.329881
1354.357438	0.509331	177.636719	-115.722656
1354.359438	0.708527	177.636719	-115.722656
1354.361440	0.718464	177.636719	-115.722656
1354.363441	0.716844	7.885280	0.483525
1355.322433	0.492160	126.562500	175.683594
1355.324434	0.703154	126.562500	175.683594
1355.326435	0.718366	126.562500	175.683594
1355.328433	0.716650	7.883153	0.333835
1356.424973	1.511474	157.226562	-113.671875
1356.426976	0.693730	157.226562	-113.671875
1356.428977	0.719024	157.226562	-113.671875
1356.430982	0.717220	7.889419	0.335470
1357.393482	0.542580	128.320312	174.316406
1357.395479	0.716044	128.320312	174.316406
1357.397479	0.718444	128.320312	174.316406
1357.399478	0.716915	7.886068	0.327947
1358.490059	0.387599	167.871094	-115.820312
1358.492063	0.648519	167.871094	-115.820312
1358.494063	0.718955	167.871094	-115.820312
1358.496061	0.716790	7.884695	0.345529
1359.466640	0.620933	125.195312	176.074219
1359.470640	0.717586	125.195312	176.074219
1359.472643	0.716172	7.877889	0.322014
1360.556682	0.500353	165.039062	-118.164062
1360.558684	0.705923	165.039062	-118.164062
1360.560685	0.718604	165.039062	-118.164062
1360.562684	0.716941	7.886353	0.443184
1361.540725	0.656293	125.781250	177.343750
1361.542725	0.719976	125.781250	177.343750
1361.544726	0.717652	7.894177	0.320510
1362.625289	0.718148	154.687500	-120.703125
1362.627290	0.716434	154.687500	-120.703125
1362.629291	0.715286	7.868149	0.421322
1363.605878	0.375074	122.460937	183.496094
1363.607877	0.639474	122.460937	183.496094
1363.609879	0.719177	122.460937	183.496094
1363.611879	0.716975	7.886724	0.340283
1364.689925	0.359205	151.757812	-122.558594
1364.691927	0.627570	151.757812	-122.558594
1364.693926	0.720319	151.757812	-122.558594
1364.695928	0.718024	7.898263	0.331013
1365.674015	0.327474	122.558594	187.500000
1365.676017	0.601088	122.558594	187.500000
1365.678018	0.721280	122.558594	187.500000
1365.680016	0.719352	7.912877	0.332389
1366.762088	0.443916	161.230469	-123.242187
1366.764089	0.682931	161.230469	-123.242187
1366.766091	0.719243	161.230469	-123.242187
1366.768089	0.717252	7.889773	0.323143
1367.739063	0.276639	119.335937	191.601562
1367.743064	0.717277	119.335937	191.601562
1367.745067	0.718608	119.335937	191.601562
1367.747065	0.717057	7.887628	0.345038
1368.837156	0.381752	153.808594	-118.847656
1368.839158	0.644461	153.808594	-118.847656
1368.841158	0.719263	153.808594	-118.847656
1368.843159	0.717071	7.887779	0.316491
1369.803175	0.274137	123.437500	189.550781
1369.805176	0.550978	123.437500	189.550781
1369.807177	0.717414	123.437500	189.550781
1369.809177	0.718943	7.908375	0.339751
1370.909271	0.692867	173.632812	-117.675781
1370.911273	0.718703	173.632812	-117.675781
1370.913273	0.716882	7.885696	0.317160
1371.871851	0.515211	121.289062	189.843750
1371.873853	0.709464	121.289062	189.843750
1371.875853	0.717732	121.289062	189.843750
1371.877851	0.716098	7.877082	0.339168
1372.976481	0.264538	167.968750	-113.183594
1372.978504	0.542012	167.968750	-113.183594
1372.980505	0.715963	167.968750	-113.183594
1372.982506	0.718492	167.968750	-113.183594
1372.984506	0.716931	7.886246	0.328921
1373.938534	0.496541	120.703125	187.109375
1373.940536	0.704738	120.703125	187.109375
1373.942536	0.718577	120.703125	187.109375
1373.944537	0.716989	7.886875	0.420605
1375.044559	0.581028	184.277344	-112.890625
1375.046562	0.718571	184.277344	-112.890625
1375.050562	0.716261	7.878873	0.338910
1376.009510	0.365009	124.023437	182.031250
1376.011514	0.632009	124.023437	182.031250
1376.015527	0.717524	124.023437	182.031250
1376.017529	0.716243	7.878677	0.328156
