num crossings	time (s)	maj axis (mm)	min axis (mm)	theta (rad )	slope (V/s)
4325	4845.095714	47.112376	5.041610	3.595450	6.624699
4327	4847.171653	47.096197	4.992917	3.595477	7.246387
4329	4849.248307	45.992286	5.047631	3.601733	6.583649
4331	4851.322598	44.499280	4.189559	3.591591	7.840557
4333	4853.399613	47.509643	4.727691	3.602468	6.674163
4335	4855.478464	46.137846	6.246905	3.564842	6.691885
4337	4857.552219	45.276381	4.146699	3.595665	7.607117
4339	4859.630204	48.033652	4.639173	3.604380	6.406861
4341	4861.705730	47.528577	4.702659	3.602822	7.561238
4343	4863.778662	47.589340	4.616699	3.605586	7.795876
4345	4865.857440	48.038244	4.647361	3.605194	6.785327
4347	4867.930254	47.303371	4.680774	3.605837	7.503878
4349	4870.004964	56.508814	4.606193	3.567355	8.008309
4351	4872.080993	52.849886	5.298081	3.607554	6.945402
4353	4874.155741	48.227238	4.538716	3.601433	7.490312
4355	4876.230929	47.527152	4.541079	3.606757	7.581986
4357	4878.310038	48.781891	4.323852	3.605485	7.419058
4359	4880.384419	47.791559	4.517528	3.610041	7.593142
4361	4882.460432	57.400758	4.560464	3.570792	7.237962
4363	4884.540175	46.755430	3.689179	3.600633	7.322723
4365	4886.615154	49.136971	4.253536	3.608148	7.875195
4367	4888.693052	47.560861	6.503673	3.575931	7.551291
4369	4890.768447	58.666149	4.468925	3.569578	7.709593
4371	4892.844272	49.378928	4.204348	3.611191	8.109785
4373	4894.921201	49.042001	4.279408	3.610018	7.690746
4375	4896.995800	49.092679	4.276241	3.609901	8.123412
4377	4899.074171	48.758102	3.823107	3.587575	7.708434
4379	4901.149230	48.959135	3.883082	3.589995	7.796920
4381	4903.226816	49.448055	4.178741	3.613041	7.904864
4383	4905.303519	49.111442	3.956637	3.595885	7.811232
4385	4907.381289	48.653576	4.129049	3.614430	8.151289
4387	4909.460137	50.059999	3.993273	3.614835	7.812700
4389	4911.537820	49.771721	4.075217	3.612813	7.875715
4391	4913.616110	49.739814	4.048665	3.614155	7.975670
4393	4915.693361	49.866743	4.007332	3.614111	7.853174
4395	4917.770523	49.523742	4.093613	3.618797	7.860685
4397	4919.846575	50.358988	3.830991	3.615525	8.397201
4399	4921.923545	49.905061	3.948266	3.615360	7.978672
4401	4923.999416	49.224705	3.806902	3.595015	8.146435
4403	4926.076749	50.203745	3.883726	3.615732	8.523850
4405	4928.152976	50.196209	3.852975	3.616091	8.078379
4407	4930.228915	49.710787	5.597880	3.592228	8.222081
4409	4932.304336	48.416101	2.983492	3.611334	8.120893
4411	4934.380671	50.784207	3.649061	3.620027	8.168107
4413	4936.455108	49.522316	3.423224	3.596483	8.480018
4415	4938.530365	50.892747	3.739258	3.619183	7.894434
4417	4940.605383	50.579941	3.721965	3.618643	8.387839
4419	4942.679288	50.916112	3.699325	3.617388	8.308781
4421	4944.754831	50.754200	3.693614	3.616856	8.303264
4423	4946.830093	50.417972	3.154579	3.597060	8.230639
4425	4948.906684	50.420368	3.141237	3.595435	8.595121
4427	4950.983402	50.872996	3.637066	3.618936	8.161917
4429	4953.059312	50.859556	3.568761	3.618887	8.295018
4431	4955.135302	50.502449	3.216531	3.596878	8.517827
4433	4957.212637	50.351169	3.596976	3.629627	8.441020
4435	4959.288451	48.479672	2.470203	3.613384	8.268966
4437	4961.364021	61.129755	3.880182	3.585380	8.517379
4439	4963.440280	49.084871	2.457267	3.614867	8.202902
4441	4965.516792	51.906309	3.329014	3.623342	8.765576
4443	4967.592982	51.422839	3.426321	3.623212	8.733537
4445	4969.668572	50.851946	2.916145	3.599877	8.335170
4447	4971.746254	51.706634	3.400626	3.624980	8.669581
4449	4973.822546	51.564418	3.368981	3.624211	8.662972
4451	4975.899175	50.991992	3.404757	3.627999	8.496034
4453	4977.989397	52.342009	3.218458	3.627840	8.466628
4455	4980.056912	51.756790	3.526899	3.626734	8.920860
4457	4982.132103	51.019546	2.890542	3.609053	8.651260
4459	4984.209571	51.157954	2.875971	3.609498	8.589335
4461	4986.287353	51.889722	3.251093	3.626405	8.781837
4463	4988.363561	51.893826	3.259427	3.626685	9.006321
4465	4990.441139	52.019122	3.227850	3.626544	9.002282
4467	4992.517900	51.277037	2.919564	3.609946	8.534371
4469	4994.593995	52.107726	3.213142	3.628607	8.558104
4471	4996.670092	51.879475	3.286744	3.634971	8.556196
4473	4998.745219	52.686719	3.053663	3.630492	8.891205
4475	5000.822699	51.895351	3.204800	3.635166	8.697310
4477	5002.897332	56.400712	3.506060	3.623393	8.712374
4479	5004.973009	51.498264	2.941190	3.615632	9.084994
4481	5007.048644	50.907190	2.533673	3.610894	8.734964
4483	5009.122386	52.574106	3.109363	3.631682	8.828446
4485	5011.198517	52.596525	3.081432	3.630804	8.859028
4487	5013.273094	52.664309	3.078367	3.630677	8.905335
4489	5015.348574	52.639087	3.059230	3.631474	9.048080
4491	5017.423685	51.861042	2.371356	3.611783	9.100843
4493	5019.499465	52.783043	3.070489	3.631162	8.822730
4495	5021.574820	52.189324	3.145590	3.636547	9.001494
4497	5023.651899	53.127913	2.874628	3.632597	9.397964
4499	5025.728249	52.745567	3.012227	3.632050	8.914800
4501	5027.804645	52.833042	5.912927	3.613401	8.655735
4503	5029.880533	57.049630	3.191183	3.620589	9.017635
4505	5031.956598	52.767351	2.967938	3.633926	8.910545
4507	5034.032521	52.125797	2.431343	3.613096	8.960502
4509	5036.109185	52.381683	3.003193	3.640473	9.037744
4511	5038.185038	53.502924	2.790792	3.637189	9.278056
4513	5040.261727	52.352000	2.474146	3.619388	8.965549
4515	5042.337333	52.950728	2.867813	3.637258	9.368060
4517	5044.414489	52.407670	2.930214	3.641644	9.266085
4519	5046.491334	53.772905	2.752094	3.638395	9.085643
4521	5048.568604	52.266702	2.887414	3.641770	9.387487
4523	5050.646551	53.653729	2.668766	3.639494	9.258949
4525	5052.723611	53.225910	2.804570	3.638298	9.028640
4527	5054.801033	53.457681	2.807340	3.639245	9.327839
4529	5056.878331	52.278468	2.552152	3.622901	9.395998
4531	5058.954550	53.208704	2.799641	3.639076	9.285093
4533	5061.031564	52.813264	2.854586	3.645242	9.015179
4535	5063.107644	57.412421	2.667582	3.624569	9.199970
4537	5065.183727	52.835396	2.847859	3.646530	9.047683
4539	5067.259454	58.154538	2.871126	3.630254	9.041394
4541	5069.336397	53.434899	2.756439	3.640448	9.390450
4543	5071.411235	52.718215	2.423428	3.625075	9.151457
4545	5073.485493	53.128239	2.508437	3.631066	8.832327
4547	5075.562255	52.610672	2.512071	3.628304	9.025422
4549	5077.637028	52.651699	2.357592	3.626887	8.942471
4551	5079.712054	54.383730	5.745570	3.621111	9.105809
4553	5081.788121	54.320260	2.534316	3.642503	9.287272
4555	5083.862170	53.504604	2.767316	3.647448	9.025790
4557	5085.938173	51.687708	1.801663	3.637369	9.068312
4559	5088.013816	52.014658	1.621641	3.635986	9.532887
4561	5090.089311	54.270707	2.483523	3.642106	8.930501
4563	5092.165156	53.933035	5.737599	3.626867	9.619761
4565	5094.241089	58.447750	2.503666	3.625790	9.456038
4567	5096.317663	53.342792	2.233471	3.627936	9.378751
4569	5098.393513	53.768652	2.579338	3.643853	9.090440
4571	5100.469665	53.915650	2.591876	3.643944	9.389285
4573	5102.546054	53.878461	2.581025	3.643702	9.371132
4575	5104.621969	53.291187	2.631404	3.650997	9.638362
4577	5106.697447	54.432135	2.407474	3.646720	8.962720
4579	5108.773970	54.222450	2.551798	3.645647	9.585671
4581	5110.850199	53.362118	2.549424	3.651576	9.416317
4583	5112.926352	64.496601	3.301271	3.608846	9.343578
4585	5115.003656	51.180406	1.537206	3.641551	9.090404
4587	5117.080959	58.910837	2.444336	3.635403	9.443800
4589	5119.158291	53.827115	2.541024	3.652388	8.560321
4591	5121.235271	54.657839	2.353310	3.648104	9.651765
4593	5123.312538	54.302987	2.461651	3.647465	9.453168
4595	5125.389625	53.561861	2.550939	3.653596	9.262173
4597	5127.466196	63.512104	3.123411	3.609114	9.313153
4599	5129.542761	54.812939	2.292246	3.649208	9.448432
4601	5131.619185	54.374150	2.440046	3.648397	9.459836
4603	5133.695088	54.286389	2.395607	3.649095	9.288407
4605	5135.771156	53.520886	2.120054	3.635990	9.744716
4607	5137.846961	55.135621	4.808178	3.640068	9.531400
4609	5139.923726	54.956849	2.219463	3.651207	9.670763
4611	5141.999117	54.022577	2.415701	3.655241	9.890114
4613	5144.074298	60.829004	2.438116	3.643677	9.759980
4615	5146.149800	54.538318	5.015182	3.636105	9.568216
4617	5148.225241	60.303883	2.230085	3.640931	9.112900
4619	5150.299606	54.111994	1.896908	3.636514	9.161906
