crossing time (s)	slope (V/s)	crossing number
281474976710655.000000	5.446597	3600	0.000000
281474976710655.000000	5.292117	3601	4045927424.000000
281474976710655.000000	5.413151	3602	4046984192.000000
281474976710655.000000	5.770674	3603	4048017152.000000
281474976710655.000000	6.131144	3604	4049049344.000000
281474976710655.000000	5.581794	3605	4050093312.000000
281474976710655.000000	5.504974	3606	4051130112.000000
281474976710655.000000	5.507901	3607	4052168704.000000
281474976710655.000000	5.929506	3608	4053211904.000000
281474976710655.000000	5.900843	3609	4054236160.000000
281474976710655.000000	5.549707	3610	4055293184.000000
281474976710655.000000	5.729775	3611	4056316416.000000
281474976710655.000000	5.872892	3612	4057369856.000000
281474976710655.000000	5.674255	3613	4058388480.000000
281474976710655.000000	5.757453	3614	4059447808.000000
281474976710655.000000	6.037176	3615	4060468480.000000
281474976710655.000000	5.860205	3616	4061522176.000000
281474976710655.000000	5.686624	3617	4062543872.000000
281474976710655.000000	5.896905	3618	4063599616.000000
281474976710655.000000	5.923483	3619	4064622848.000000
281474976710655.000000	5.996671	3620	4065673216.000000
281474976710655.000000	6.092316	3621	4066705664.000000
281474976710655.000000	5.877027	3622	4067744000.000000
281474976710655.000000	5.808192	3623	4068786176.000000
281474976710655.000000	6.042682	3624	4069818368.000000
281474976710655.000000	6.174735	3625	4070861056.000000
281474976710655.000000	6.010170	3626	4071901184.000000
281474976710655.000000	5.970845	3627	4072927488.000000
281474976710655.000000	5.992012	3628	4073985024.000000
281474976710655.000000	6.021469	3629	4075007232.000000
281474976710655.000000	6.303188	3630	4076051968.000000
281474976710655.000000	5.828977	3631	4077090816.000000
281474976710655.000000	5.993517	3632	4078126336.000000
281474976710655.000000	6.262489	3633	4079168256.000000
281474976710655.000000	6.300822	3634	4080208128.000000
281474976710655.000000	6.079345	3635	4081232128.000000
281474976710655.000000	5.973647	3636	4082291712.000000
281474976710655.000000	6.225472	3637	4083315712.000000
281474976710655.000000	6.565820	3638	4084357888.000000
281474976710655.000000	5.932851	3639	4085396992.000000
281474976710655.000000	5.832054	3640	4086431488.000000
281474976710655.000000	6.331042	3641	4087475200.000000
281474976710655.000000	6.602322	3642	4088513792.000000
281474976710655.000000	6.513198	3643	4089541632.000000
281474976710655.000000	5.938013	3644	4090595328.000000
281474976710655.000000	5.932784	3645	4091618560.000000
281474976710655.000000	6.596573	3646	4092673280.000000
281474976710655.000000	6.583494	3647	4093694464.000000
281474976710655.000000	6.258672	3648	4094746368.000000
281474976710655.000000	6.111479	3649	4095772672.000000
281474976710655.000000	6.097923	3650	4096822528.000000
281474976710655.000000	6.201300	3651	4097852928.000000
281474976710655.000000	6.605080	3652	4098896640.000000
281474976710655.000000	6.580469	3653	4099926528.000000
281474976710655.000000	6.469604	3654	4100972800.000000
281474976710655.000000	6.305367	3655	4102003712.000000
281474976710655.000000	6.209510	3656	4103051776.000000
281474976710655.000000	6.209470	3657	4104078848.000000
281474976710655.000000	6.516684	3658	4105131264.000000
281474976710655.000000	6.570660	3659	4106152704.000000
281474976710655.000000	6.578859	3660	4107207680.000000
281474976710655.000000	6.457851	3661	4108230400.000000
281474976710655.000000	6.637608	3662	4109280768.000000
281474976710655.000000	6.652555	3663	4110311168.000000
281474976710655.000000	6.755146	3664	4111350784.000000
281474976710655.000000	6.528080	3665	4112392192.000000
281474976710655.000000	6.450324	3666	4113426688.000000
281474976710655.000000	6.615931	3667	4114466560.000000
281474976710655.000000	6.676042	3668	4115506944.000000
281474976710655.000000	6.671049	3669	4116535296.000000
281474976710655.000000	6.399902	3670	4117590272.000000
281474976710655.000000	6.624253	3671	4118610944.000000
281474976710655.000000	6.700210	3672	4119664384.000000
281474976710655.000000	6.702957	3673	4120694016.000000
281474976710655.000000	6.605921	3674	4121731584.000000
281474976710655.000000	6.611358	3675	4122774528.000000
281474976710655.000000	6.634916	3676	4123810304.000000
281474976710655.000000	6.733244	3677	4124846336.000000
281474976710655.000000	6.669938	3678	4125892352.000000
281474976710655.000000	6.634003	3679	4126916608.000000
281474976710655.000000	6.624387	3680	4127972864.000000
281474976710655.000000	6.749965	3681	4128993280.000000
281474976710655.000000	6.708687	3682	4130049536.000000
281474976710655.000000	6.669036	3683	4131072256.000000
281474976710655.000000	6.747868	3684	4132122112.000000
281474976710655.000000	6.770834	3685	4133152256.000000
281474976710655.000000	6.898104	3686	4134193920.000000
281474976710655.000000	6.976126	3687	4135230976.000000
281474976710655.000000	6.951389	3688	4136269568.000000
281474976710655.000000	6.876400	3689	4137308160.000000
281474976710655.000000	6.734576	3690	4138346496.000000
281474976710655.000000	6.817105	3691	4139385088.000000
281474976710655.000000	6.913243	3692	4140422912.000000
281474976710655.000000	7.026614	3693	4141459968.000000
281474976710655.000000	6.979481	3694	4142499840.000000
281474976710655.000000	6.925786	3695	4143535360.000000
281474976710655.000000	6.778090	3696	4144577792.000000
281474976710655.000000	6.889750	3697	4145608960.000000
281474976710655.000000	6.994572	3698	4146658048.000000
281474976710655.000000	7.010071	3699	4147682304.000000
281474976710655.000000	6.892962	3700	4148736768.000000
281474976710655.000000	6.928890	3701	4149758208.000000
281474976710655.000000	6.985788	3702	4150812160.000000
281474976710655.000000	7.093599	3703	4151837696.000000
281474976710655.000000	7.173678	3704	4152883200.000000
281474976710655.000000	6.832443	3705	4153919488.000000
281474976710655.000000	6.915246	3706	4154955520.000000
281474976710655.000000	6.992436	3707	4155998208.000000
281474976710655.000000	7.236872	3708	4157031168.000000
281474976710655.000000	7.204220	3709	4158071808.000000
281474976710655.000000	6.987026	3710	4159114240.000000
281474976710655.000000	7.073779	3711	4160141568.000000
281474976710655.000000	7.188162	3712	4161194240.000000
281474976710655.000000	7.188201	3713	4162215680.000000
281474976710655.000000	7.078701	3714	4163268608.000000
281474976710655.000000	7.105928	3715	4164296448.000000
281474976710655.000000	7.203516	3716	4165342208.000000
281474976710655.000000	7.091528	3717	4166377984.000000
281474976710655.000000	7.231612	3718	4167412992.000000
281474976710655.000000	7.018463	3719	4168456960.000000
281474976710655.000000	7.139411	3720	4169489408.000000
281474976710655.000000	7.191636	3721	4170532352.000000
281474976710655.000000	7.266428	3722	4171568384.000000
281474976710655.000000	7.290082	3723	4172605696.000000
281474976710655.000000	7.218557	3724	4173646592.000000
281474976710655.000000	7.184849	3725	4174680064.000000
281474976710655.000000	7.279673	3726	4175724032.000000
281474976710655.000000	7.193317	3727	4176755200.000000
281474976710655.000000	7.227098	3728	4177800960.000000
281474976710655.000000	7.358131	3729	4178831360.000000
281474976710655.000000	7.274951	3730	4179874816.000000
281474976710655.000000	7.248786	3731	4180908544.000000
281474976710655.000000	7.226523	3732	4181952768.000000
281474976710655.000000	7.254886	3733	4182986496.000000
281474976710655.000000	7.379675	3734	4184026112.000000
281474976710655.000000	7.361949	3735	4185064448.000000
281474976710655.000000	7.323075	3736	4186099712.000000
281474976710655.000000	7.278179	3737	4187141888.000000
281474976710655.000000	7.286515	3738	4188176384.000000
281474976710655.000000	7.320063	3739	4189217280.000000
281474976710655.000000	7.391175	3740	4190254592.000000
281474976710655.000000	7.443082	3741	4191290624.000000
281474976710655.000000	7.304884	3742	4192334848.000000
281474976710655.000000	7.367493	3743	4193362176.000000
281474976710655.000000	7.299099	3744	4194415360.000000
281474976710655.000000	7.451601	3745	4195436800.000000
281474976710655.000000	7.444451	3746	4196490240.000000
281474976710655.000000	7.464077	3747	4197516288.000000
281474976710655.000000	7.491159	3748	4198562816.000000
281474976710655.000000	7.510408	3749	4199597056.000000
281474976710655.000000	7.493801	3750	4200634112.000000
281474976710655.000000	7.401102	3751	4201675520.000000
281474976710655.000000	7.387356	3752	4202710272.000000
281474976710655.000000	7.547656	3753	4203751168.000000
281474976710655.000000	7.498498	3754	4204789760.000000
281474976710655.000000	7.504783	3755	4205824256.000000
281474976710655.000000	7.441916	3756	4206867712.000000
281474976710655.000000	7.531685	3757	4207898112.000000
281474976710655.000000	7.484898	3758	4208947712.000000
281474976710655.000000	7.535950	3759	4209972224.000000
281474976710655.000000	7.550116	3760	4211024896.000000
281474976710655.000000	7.550813	3761	4212047616.000000
281474976710655.000000	7.482759	3762	4213100800.000000
281474976710655.000000	7.524299	3763	4214123264.000000
281474976710655.000000	7.528503	3764	4215178496.000000
281474976710655.000000	7.578959	3765	4216200704.000000
281474976710655.000000	7.531737	3766	4217253632.000000
281474976710655.000000	7.543924	3767	4218277120.000000
281474976710655.000000	7.568668	3768	4219330816.000000
281474976710655.000000	7.590743	3769	4220351744.000000
281474976710655.000000	7.618643	3770	4221406208.000000
281474976710655.000000	7.030293	3771	4222433792.000000
281474976710655.000000	7.626400	3772	4223481856.000000
281474976710655.000000	7.670569	3773	4224506368.000000
281474976710655.000000	7.651678	3774	4225557248.000000
281474976710655.000000	7.595097	3775	4226584832.000000
281474976710655.000000	7.666745	3776	4227630848.000000
281474976710655.000000	7.665638	3777	4228664832.000000
281474976710655.000000	7.666457	3778	4229702912.000000
281474976710655.000000	7.551251	3779	4230743296.000000
281474976710655.000000	7.717680	3780	4231777792.000000
281474976710655.000000	7.698540	3781	4232820736.000000
281474976710655.000000	7.656818	3782	4233854976.000000
281474976710655.000000	7.748283	3783	4234893312.000000
281474976710655.000000	7.699081	3784	4235935232.000000
281474976710655.000000	7.696081	3785	4236965888.000000
281474976710655.000000	7.630010	3786	4238015488.000000
281474976710655.000000	7.716283	3787	4239038720.000000
281474976710655.000000	7.720543	3788	4240092928.000000
281474976710655.000000	7.716386	3789	4241115392.000000
281474976710655.000000	7.748582	3790	4242167296.000000
281474976710655.000000	7.707992	3791	4243194624.000000
281474976710655.000000	7.742003	3792	4244239360.000000
281474976710655.000000	7.682672	3793	4245273600.000000
281474976710655.000000	7.834506	3794	4246313472.000000
281474976710655.000000	7.688124	3795	4247352320.000000
281474976710655.000000	7.741812	3796	4248388096.000000
281474976710655.000000	7.732543	3797	4249429760.000000
281474976710655.000000	7.699387	3798	4250463232.000000
281474976710655.000000	7.928888	3799	4251506432.000000
281474976710655.000000	7.672487	3800	4252539392.000000
281474976710655.000000	7.789825	3801	4253582080.000000
281474976710655.000000	7.873989	3802	4254615296.000000
281474976710655.000000	7.760638	3803	4255657984.000000
281474976710655.000000	7.746279	3804	4256692480.000000
281474976710655.000000	7.838499	3805	4257735424.000000
281474976710655.000000	7.857926	3806	4258767104.000000
281474976710655.000000	7.808577	3807	4259810048.000000
281474976710655.000000	7.807341	3808	4260844032.000000
281474976710655.000000	7.841274	3809	4261887232.000000
281474976710655.000000	7.834423	3810	4262920704.000000
281474976710655.000000	7.924084	3811	4263961088.000000
281474976710655.000000	7.858818	3812	4264998912.000000
281474976710655.000000	7.842060	3813	4266035456.000000
281474976710655.000000	7.878547	3814	4267078400.000000
281474976710655.000000	7.942414	3815	4268109056.000000
281474976710655.000000	7.873902	3816	4269156864.000000
281474976710655.000000	7.909161	3817	4270183168.000000
281474976710655.000000	7.866570	3818	4271234816.000000
281474976710655.000000	7.945494	3819	4272257280.000000
281474976710655.000000	7.824194	3820	4273311488.000000
281474976710655.000000	7.947616	3821	4274335488.000000
281474976710655.000000	7.934141	3822	4275385088.000000
281474976710655.000000	7.968211	3823	4276414976.000000
281474976710655.000000	7.985423	3824	4277458176.000000
281474976710655.000000	7.874600	3825	4278494720.000000
281474976710655.000000	7.877507	3826	4279531264.000000
281474976710655.000000	7.888045	3827	4280572416.000000
281474976710655.000000	7.895232	3828	4281605632.000000
281474976710655.000000	7.982138	3829	4282649600.000000
281474976710655.000000	7.943432	3830	4283683584.000000
281474976710655.000000	7.979040	3831	4284723200.000000
281474976710655.000000	7.910678	3832	4285761280.000000
281474976710655.000000	8.007025	3833	4286798080.000000
281474976710655.000000	8.069537	3834	4287838976.000000
281474976710655.000000	7.986889	3835	4288872192.000000
281474976710655.000000	7.987417	3836	4289916928.000000
281474976710655.000000	8.092825	3837	4290946560.000000
281474976710655.000000	7.948682	3838	4291993600.000000
281474976710655.000000	8.029227	3839	4293022976.000000
281474976710655.000000	8.095501	3840	4294068992.000000
281474976710655.000000	8.083636	3841	4295098880.000000
281474976710655.000000	8.080054	3842	4296145920.000000
281474976710655.000000	8.022461	3843	4297175552.000000
281474976710655.000000	7.970862	3844	4298221056.000000
281474976710655.000000	8.018663	3845	4299252224.000000
281474976710655.000000	8.075421	3846	4300296192.000000
281474976710655.000000	8.076395	3847	4301331968.000000
281474976710655.000000	8.098608	3848	4302368768.000000
281474976710655.000000	7.987550	3849	4303409664.000000
281474976710655.000000	8.057308	3850	4304444928.000000
281474976710655.000000	8.078965	3851	4305485824.000000
281474976710655.000000	7.993109	3852	4306519040.000000
281474976710655.000000	8.152852	3853	4307563520.000000
281474976710655.000000	8.101657	3854	4308597760.000000
281474976710655.000000	8.060448	3855	4309637632.000000
281474976710655.000000	8.071792	3856	4310675456.000000
281474976710655.000000	8.171676	3857	4311709696.000000
281474976710655.000000	8.038660	3858	4312755200.000000
281474976710655.000000	8.183967	3859	4313783296.000000
281474976710655.000000	8.011591	3860	4314833920.000000
281474976710655.000000	8.146707	3861	4315857920.000000
281474976710655.000000	8.104354	3862	4316911616.000000
281474976710655.000000	8.088960	3863	4317933568.000000
281474976710655.000000	8.001776	3864	4318985728.000000
281474976710655.000000	8.132099	3865	4320011776.000000
281474976710655.000000	8.121042	3866	4321061376.000000
281474976710655.000000	8.215817	3867	4322089472.000000
281474976710655.000000	8.081268	3868	4323135488.000000
281474976710655.000000	8.104132	3869	4324167680.000000
281474976710655.000000	8.132833	3870	4325209600.000000
281474976710655.000000	8.157691	3871	4326245376.000000
281474976710655.000000	8.164340	3872	4327285248.000000
281474976710655.000000	8.238442	3873	4328321536.000000
281474976710655.000000	8.169937	3874	4329359872.000000
281474976710655.000000	8.279660	3875	4330398208.000000
281474976710655.000000	8.028692	3876	4331435520.000000
281474976710655.000000	8.249765	3877	4332474368.000000
281474976710655.000000	8.116452	3878	4333512192.000000
281474976710655.000000	8.208512	3879	4334550528.000000
281474976710655.000000	8.179657	3880	4335588864.000000
281474976710655.000000	8.209372	3881	4336625664.000000
281474976710655.000000	8.164906	3882	4337666560.000000
281474976710655.000000	8.239911	3883	4338700800.000000
281474976710655.000000	8.112952	3884	4339743232.000000
281474976710655.000000	8.326315	3885	4340775424.000000
281474976710655.000000	8.154734	3886	4341821440.000000
281474976710655.000000	8.283492	3887	4342849536.000000
281474976710655.000000	8.145565	3888	4343899648.000000
281474976710655.000000	8.203012	3889	4344923648.000000
281474976710655.000000	8.109594	3890	4345975808.000000
281474976710655.000000	8.145562	3891	4347000320.000000
281474976710655.000000	8.114168	3892	4348052992.000000
281474976710655.000000	8.284704	3893	4349076480.000000
281474976710655.000000	8.236841	3894	4350127616.000000
281474976710655.000000	8.156610	3895	4351154688.000000
281474976710655.000000	8.328407	3896	4352201728.000000
