num crossings	time (s)	maj axis (mm)	min axis (mm)	theta (rad )	slope (V/s)
3599	4042.541304	40.647474	3.616189	0.239891	4.891777
3601	4044.621222	40.534983	3.567813	0.223157	6.625728
3603	4046.698319	40.872155	5.053878	0.187070	5.117854
3605	4048.764948	48.812513	3.513396	0.220039	6.225742
3607	4050.843849	41.640924	3.445271	0.240069	5.700193
3609	4052.925444	41.087144	3.351087	0.237873	5.747039
3611	4055.006835	43.310013	2.707534	0.193719	6.188996
3613	4057.083882	49.432425	4.160617	0.214318	5.637063
3615	4059.161949	49.494427	3.826868	0.216013	5.912120
3617	4061.236525	42.287902	3.198869	0.239091	6.369103
3619	4063.313636	41.192439	1.719288	0.199546	5.517735
3621	4065.387854	50.163665	3.104434	0.212419	6.152404
3623	4067.458712	43.078450	3.558636	0.276414	6.213889
3625	4069.532912	41.427884	-0.320813	0.225676	5.721889
3627	4071.614624	42.816641	2.873030	0.239699	6.210787
3629	4073.698337	44.254378	2.459249	0.200291	5.806165
3631	4075.767297	50.986188	2.872705	0.206099	6.104717
3633	4077.840887	43.378722	2.577992	0.232468	5.741390
3635	4079.921683	42.860679	2.678071	0.227417	6.394633
3637	4082.004937	44.739527	3.549715	0.278655	6.299521
3639	4084.073265	42.815391	4.444620	0.178440	6.606690
3641	4086.146054	42.679926	2.656094	0.219808	6.152009
3643	4088.227282	51.713899	2.721578	0.213082	6.617005
3645	4090.308963	43.065910	2.286003	0.228374	6.776610
3647	4092.387177	52.205290	2.390510	0.220231	5.590809
3649	4094.460946	52.777805	2.658465	0.216774	7.041454
3651	4096.536808	43.058641	2.342114	0.222848	6.055753
3653	4098.611184	42.940520	2.590323	0.227183	6.354289
3655	4100.687228	52.404715	2.282857	0.210183	6.962448
3657	4102.765679	53.141893	2.313786	0.210723	6.258733
3659	4104.844966	53.293868	2.202182	0.212022	6.168378
3661	4106.921781	43.554474	2.246602	0.225050	6.784628
3663	4108.995416	53.295197	2.283571	0.212355	6.335751
3665	4111.065833	43.514466	1.882331	0.229142	6.872500
3667	4113.140883	43.759107	2.015781	0.232196	6.407996
3669	4115.220817	43.213865	2.044821	0.228110	6.760777
3671	4117.303548	53.720302	1.934977	0.211353	6.931204
3673	4119.378653	45.450306	1.909918	0.253140	6.621904
3675	4121.447030	41.596289	1.722045	0.251807	6.857554
3677	4123.524359	44.714156	1.497592	0.228375	6.641443
3679	4125.605780	43.672597	1.819022	0.229315	7.038025
3681	4127.686397	54.247385	1.772019	0.214153	6.638097
3683	4129.763491	54.943729	1.971350	0.217794	6.785954
3685	4131.836712	46.975150	1.606680	0.253671	6.850190
3687	4133.908763	46.940342	0.125972	0.229509	6.672357
3689	4135.983833	47.105024	1.534317	0.255810	6.946957
3691	4138.060501	46.759856	-0.470403	0.223844	6.884528
3693	4140.136946	46.608775	1.298244	0.252760	6.810629
3695	4142.213972	46.043966	0.023849	0.221548	7.058488
3697	4144.291810	54.414994	1.567885	0.216686	6.847077
3699	4146.371759	54.618699	1.504271	0.220281	6.930658
3701	4148.450640	46.410811	1.236652	0.254976	7.163740
3703	4150.526522	45.240616	1.369682	0.206689	7.030682
3705	4152.598012	55.477244	1.237628	0.212528	7.524571
3707	4154.670246	55.101815	1.441839	0.211405	6.427864
3709	4156.745508	55.277425	1.162912	0.212623	7.111185
3711	4158.827461	54.738275	1.432954	0.221011	7.522688
3713	4160.907766	45.413868	0.820250	0.235796	6.507205
3715	4162.982851	46.744197	0.963982	0.247557	7.401573
3717	4165.056707	46.712716	0.748661	0.228334	6.864990
3719	4167.127858	45.380602	1.023240	0.230736	6.877775
3721	4169.203820	55.520641	1.635520	0.215281	7.052278
3723	4171.282104	56.046694	1.198358	0.215038	7.090309
3725	4173.360357	55.627294	1.477476	0.218701	7.367884
3727	4175.438174	48.511865	0.322475	0.242338	7.249509
3729	4177.515077	48.290903	-1.883631	0.238594	7.226405
3731	4179.589365	55.859262	1.406590	0.220700	7.523643
3733	4181.666747	46.406406	0.333128	0.235412	7.337427
3735	4183.740678	55.383430	2.114539	0.222246	7.338531
3737	4185.814391	48.649476	0.104639	0.245728	7.321138
3739	4187.890683	48.803005	-2.956071	0.238169	7.355866
3741	4189.968682	47.712324	-0.031113	0.253092	7.319016
3743	4192.048669	48.703489	-2.003838	0.227293	7.690913
3745	4194.128823	56.954549	1.036248	0.216119	7.233943
3747	4196.204577	47.776430	-0.393254	0.239059	7.742265
3749	4198.277407	44.385178	-0.307871	0.242192	7.336270
3751	4200.348860	47.715420	-0.050360	0.233421	7.550160
3753	4202.424654	49.779982	-0.294612	0.247751	7.627796
3755	4204.503679	48.738851	-0.388056	0.217476	7.680713
3757	4206.581856	57.215028	0.731447	0.214102	7.771591
3759	4208.661406	48.271264	-0.600217	0.247366	7.618614
3761	4210.738823	49.926174	-2.316254	0.231957	7.826318
3763	4212.815123	57.532476	0.774723	0.219281	7.956081
3765	4214.892564	46.631104	-0.289141	0.231876	7.420910
3767	4216.967963	56.644548	0.920308	0.220923	7.277406
3769	4219.044912	46.917172	-0.234116	0.234942	7.565173
3771	4221.120473	57.782047	1.007936	0.221627	7.607496
3773	4223.196154	46.934963	-0.004580	0.237983	6.843411
3775	4225.271467	57.859729	2.565871	0.217137	7.923141
3777	4227.345413	48.236238	-1.132329	0.244125	7.692068
3779	4229.417855	45.371559	-1.300488	0.238955	7.632033
3781	4231.492225	45.649093	-1.454810	0.234742	7.669088
3783	4233.569095	48.260867	-0.490090	0.229913	7.422353
3785	4235.648910	49.273854	-1.389739	0.226502	7.995193
3787	4237.729025	50.224478	-3.099721	0.244874	7.838093
3789	4239.807019	57.394827	1.523885	0.224554	7.768889
3791	4241.881709	58.935320	2.410245	0.218883	7.864515
3793	4243.954210	47.505089	-0.391668	0.237128	7.793710
3795	4246.028091	58.839732	1.267071	0.211046	7.737130
3797	4248.102563	49.922283	-1.646050	0.233755	7.609057
3799	4250.177486	50.382001	-3.382367	0.237422	7.880750
3801	4252.253620	47.463228	-0.670185	0.233794	7.737594
3803	4254.329672	58.059496	1.741216	0.217162	8.025614
3805	4256.406451	49.106254	-1.824550	0.228412	7.629620
3807	4258.481452	50.620288	-4.672887	0.245921	7.935842
3809	4260.558008	58.265403	1.415601	0.216523	7.964895
3811	4262.634875	58.337605	1.685756	0.215383	7.982818
3813	4264.712900	49.047099	-1.064994	0.242654	7.626649
3815	4266.792208	50.805687	-5.324327	0.246105	7.925867
3817	4268.870683	50.060403	-2.192295	0.230811	7.830376
3819	4270.948786	48.743946	-1.177436	0.226809	8.096617
3821	4273.025583	48.216314	-1.091233	0.233277	7.955937
3823	4275.099556	48.126071	-1.182623	0.236015	7.723514
3825	4277.172681	48.167517	-1.398905	0.235787	7.798145
3827	4279.245757	58.318412	2.153231	0.217326	7.971099
3829	4281.320191	58.336334	1.970483	0.216966	8.020688
3831	4283.397635	47.805126	-1.097436	0.238053	8.095912
3833	4285.475202	50.615712	-2.489030	0.227814	7.825674
3835	4287.553041	51.151854	-5.650361	0.246035	8.119301
3837	4289.630947	49.703091	-1.514442	0.241494	7.890030
3839	4291.707683	49.443574	-1.602412	0.226411	8.115805
3841	4293.783383	51.123695	-2.691177	0.226608	8.316061
3843	4295.860383	51.418780	-5.759336	0.247216	8.072073
3845	4297.935172	59.642829	2.178781	0.207958	8.164066
3847	4300.010333	50.573231	-2.835821	0.225202	8.057560
3849	4302.083513	49.592709	-1.721644	0.227364	8.197916
3851	4304.159305	49.732998	-1.760527	0.237172	8.274995
3853	4306.233517	49.276574	-1.742758	0.235654	7.842998
3855	4308.311471	49.813625	-1.768019	0.228251	8.165962
3857	4310.389247	59.332785	2.739599	0.214067	8.242931
3859	4312.468920	58.581094	2.725375	0.213862	8.408840
3861	4314.547800	48.473099	-1.935604	0.233613	7.968825
3863	4316.625484	59.423006	3.437892	0.216286	7.945678
3865	4318.699991	60.410204	2.523002	0.213900	8.179563
3867	4320.775661	59.878630	2.315094	0.207104	8.275686
3869	4322.849635	48.522079	-1.644523	0.233163	8.129402
3871	4324.923798	51.382087	-3.437520	0.215817	8.316899
3873	4326.999522	52.750053	-6.177169	0.247016	8.117098
3875	4329.074328	51.767105	-3.472274	0.213144	8.410932
3877	4331.149869	49.966836	-2.202088	0.223452	8.271417
3879	4333.226533	51.363639	-3.563212	0.212214	8.287759
3881	4335.303199	51.434412	-6.305223	0.246566	8.192802
3883	4337.380513	51.177698	-3.621645	0.213122	8.243310
3885	4339.457293	52.990693	-6.329231	0.245264	8.394874
3887	4341.535114	48.534551	-1.872981	0.231308	8.309686
3889	4343.613569	50.089752	-2.357837	0.232815	8.199880
3891	4345.690281	49.572285	-2.371895	0.230919	8.387829
3893	4347.767393	52.659082	-6.915836	0.255780	8.230468
3895	4349.841988	49.735045	-4.141630	0.195954	8.362019
