time (s)	coil I (A)	last det (V)	int current (uC)
4045.931822	0.510415	431.152344	-9.472656
4045.933825	0.770454	431.152344	-9.472656
4045.935823	0.803501	431.152344	-9.472656
4045.937825	0.801416	8.815574	0.266958
4046.987872	0.400115	108.105469	89.550781
4046.989873	0.700159	108.105469	89.550781
4046.991873	0.804782	108.105469	89.550781
4046.993873	0.802239	8.824631	0.304735
4048.021914	0.566973	434.277344	-10.937500
4048.023916	0.790661	434.277344	-10.937500
4048.025917	0.801968	434.277344	-10.937500
4048.027918	0.800097	8.801066	0.298709
4049.053940	0.540852	108.984375	107.519531
4049.055943	0.782288	108.984375	107.519531
4049.057943	0.802138	108.984375	107.519531
4049.063941	0.797828	8.776110	0.324570
4050.099993	0.786515	430.468750	-8.593750
4050.101994	0.802737	430.468750	-8.593750
4050.103995	0.800792	8.808714	0.318681
4051.138556	0.802172	112.890625	117.675781
4051.140556	0.800157	112.890625	117.675781
4051.142557	0.798735	8.786080	0.287530
4052.171584	0.272029	425.097656	-7.714844
4052.173585	0.583136	425.097656	-7.714844
4052.175586	0.795000	425.097656	-7.714844
4052.179586	0.800484	425.097656	-7.714844
4052.181587	0.799269	8.791956	0.301093
4053.217667	0.710161	116.113281	121.386719
4053.221668	0.800885	116.113281	121.386719
4053.223669	0.799319	8.792505	0.304141
4054.239722	0.382298	427.246094	-8.300781
4054.241727	0.685549	427.246094	-8.300781
4054.243725	0.804527	427.246094	-8.300781
4054.247723	0.800592	8.806507	0.296474
4055.297780	0.540499	108.300781	132.128906
4055.299780	0.782350	108.300781	132.128906
4055.301783	0.802446	108.300781	132.128906
4055.305779	0.799136	8.790493	0.272891
4056.319850	0.362742	429.492187	-8.398437
4056.321850	0.668654	429.492187	-8.398437
4056.323850	0.804074	429.492187	-8.398437
4056.327850	0.800550	8.806046	0.273848
4057.373893	0.456299	108.593750	125.195312
4057.375903	0.740280	108.593750	125.195312
4057.377911	0.803292	108.593750	125.195312
4057.379910	0.800900	8.809902	0.297942
4058.391970	0.371227	430.859375	-8.593750
4058.393973	0.676139	430.859375	-8.593750
4058.395972	0.804422	430.859375	-8.593750
4058.397973	0.802116	8.823275	0.289431
4059.452030	0.484238	107.324219	129.101562
4059.454030	0.756764	107.324219	129.101562
4059.458027	0.800705	107.324219	129.101562
4059.460029	0.799230	8.791531	0.280803
4060.474070	0.689232	434.277344	-9.179687
4060.476070	0.803382	434.277344	-9.179687
4060.478070	0.801049	8.811542	0.293947
4061.528123	0.731014	111.523437	120.019531
4061.530125	0.802984	111.523437	120.019531
4061.532126	0.800644	8.807084	0.278603
4062.548667	1.933101	426.367187	-8.984375
4062.550666	0.791444	426.367187	-8.984375
4062.552668	0.801533	426.367187	-8.984375
4062.554667	0.799628	8.795908	0.404464
4063.602719	0.310356	108.691406	142.089844
4063.604723	0.619775	108.691406	142.089844
4063.606721	0.800271	108.691406	142.089844
4063.608720	0.801417	8.815592	0.290193
4064.626769	0.438801	426.562500	-8.593750
4064.628772	0.728640	426.562500	-8.593750
4064.630771	0.803128	426.562500	-8.593750
4064.632772	0.800671	8.807376	0.286428
4065.676811	0.388515	111.425781	133.105469
4065.678813	0.690854	111.425781	133.105469
4065.680813	0.804605	111.425781	133.105469
4065.682815	0.802169	8.823860	0.291717
4066.709763	0.464314	428.417969	-9.667969
4066.711763	0.745284	428.417969	-9.667969
4066.713764	0.803087	428.417969	-9.667969
4066.715764	0.800787	8.808652	0.272918
4067.750356	0.766821	106.152344	141.015625
4067.752359	0.802664	106.152344	141.015625
4067.754359	0.800601	8.806614	0.270145
4068.790890	0.560448	432.714844	-9.472656
4068.792891	0.788585	432.714844	-9.472656
4068.794891	0.801746	432.714844	-9.472656
4068.796892	0.799783	8.797609	0.289582
4069.821487	0.312913	104.980469	123.046875
4069.825489	0.801155	104.980469	123.046875
4069.827489	0.801925	104.980469	123.046875
4069.831488	0.799071	8.789784	0.307373
4070.867541	0.775701	438.183594	-12.011719
4070.869543	0.802163	438.183594	-12.011719
4070.873541	0.798801	8.786816	0.276246
4071.904108	0.282905	108.691406	107.812500
4071.906110	0.593554	108.691406	107.812500
4071.908110	0.797503	108.691406	107.812500
4071.910110	0.802764	108.691406	107.812500
4071.912110	0.800926	8.810185	0.272956
4072.930687	0.326412	433.300781	-11.230469
4072.932686	0.635086	433.300781	-11.230469
4072.934688	0.804931	433.300781	-11.230469
4072.936687	0.804808	8.852884	0.273393
4073.988751	1.306060	110.253906	126.269531
4073.990753	0.707617	110.253906	126.269531
4073.992754	0.803973	110.253906	126.269531
4073.994754	0.801458	8.816034	0.287243
4075.011724	0.526369	425.195312	-9.765625
4075.015723	0.801968	425.195312	-9.765625
4075.019722	0.798669	425.195312	-9.765625
4075.021724	0.797569	8.773256	0.281805
4076.055741	0.416503	101.269531	165.039062
4076.057745	0.712826	101.269531	165.039062
4076.059744	0.803780	101.269531	165.039062
4076.061744	0.801286	8.814147	0.291269
4077.096263	0.668830	425.781250	-10.351562
4077.098266	0.803778	425.781250	-10.351562
4077.100267	0.801759	8.819349	0.837445
4078.132280	0.731891	101.855469	139.355469
4078.134281	0.802976	101.855469	139.355469
4078.136283	0.800576	8.806339	0.278976
4079.174317	0.743753	438.183594	-12.207031
4079.176319	0.803581	438.183594	-12.207031
4079.178323	0.801145	8.812595	0.287231
4080.211291	0.320816	107.421875	116.992187
4080.213292	0.629771	107.421875	116.992187
4080.215292	0.802221	107.421875	116.992187
4080.217292	0.802320	8.825518	0.286120
4081.235317	0.323889	428.222656	-10.937500
4081.237320	0.632715	428.222656	-10.937500
4081.239319	0.802440	428.222656	-10.937500
4081.241320	0.802358	8.825942	0.278412
4082.297383	0.810142	102.929687	158.886719
4082.299387	0.803158	102.929687	158.886719
4082.301384	0.800762	8.808377	0.275004
4083.319454	0.411905	426.269531	-9.765625
4083.321458	0.709137	426.269531	-9.765625
4083.323455	0.803846	426.269531	-9.765625
4083.325458	0.801279	8.814067	0.280516
4084.361539	0.396152	107.812500	152.832031
4084.363541	0.696923	107.812500	152.832031
4084.365541	0.702650	107.812500	152.832031
4084.367540	0.801936	8.821299	0.303606
4085.402078	0.617768	430.371094	-10.449219
4085.404079	0.799934	430.371094	-10.449219
4085.406079	0.801193	8.813128	0.263440
4086.436120	0.546721	105.078125	134.277344
4086.438122	0.783977	105.078125	134.277344
4086.440122	0.801600	105.078125	134.277344
4086.442123	0.799677	8.796449	0.268775
4087.478652	0.364869	436.035156	-12.109375
4087.480653	0.670400	436.035156	-12.109375
4087.482653	0.803562	436.035156	-12.109375
4087.484653	0.801509	8.816602	0.285223
4088.518677	0.585073	106.640625	123.730469
4088.520679	0.794401	106.640625	123.730469
4088.522678	0.801164	106.640625	123.730469
4088.524679	0.799281	8.792089	0.295475
4089.547215	0.687384	436.523437	-12.304687
4089.549215	0.802872	436.523437	-12.304687
4089.551215	0.800663	8.807287	0.284935
4090.599775	0.517580	103.613281	133.886719
4090.603774	0.802216	103.613281	133.886719
4090.605777	0.800166	103.613281	133.886719
4090.607778	0.798791	8.786700	0.252471
4091.621842	0.338032	426.074219	-10.351562
4091.623845	0.646064	426.074219	-10.351562
4091.625846	0.803201	426.074219	-10.351562
4091.627845	0.802104	8.823142	0.265501
4092.677883	0.541115	104.785156	154.882812
4092.679885	0.782438	104.785156	154.882812
4092.683883	0.800330	104.785156	154.882812
4092.685885	0.798986	8.788845	0.298239
4093.695410	1.943325	422.753906	-10.546875
4093.700762	0.762587	422.753906	-10.546875
4093.702765	0.802264	422.753906	-10.546875
4093.704763	0.800222	8.802440	0.277344
4094.750849	0.523702	107.128906	158.007812
4094.752852	0.775900	107.128906	158.007812
4094.754850	0.802676	107.128906	158.007812
4094.758850	0.799381	8.793187	0.248720
4095.778858	0.753057	425.781250	-10.449219
4095.780858	0.802484	425.781250	-10.449219
4095.782859	0.800292	8.803211	0.242288
4096.827400	0.583691	104.199219	167.578125
4096.829402	0.794742	104.199219	167.578125
4096.831404	0.801783	104.199219	167.578125
4096.833403	0.799944	8.799382	0.261131
4097.855951	0.296653	423.046875	-10.839844
4097.857959	0.606632	423.046875	-10.839844
4097.859955	0.800576	423.046875	-10.839844
4097.861956	0.803500	423.046875	-10.839844
4097.863956	0.801666	8.818330	0.268844
4098.900008	0.351499	106.054687	165.429687
4098.902010	0.658461	106.054687	165.429687
4098.904017	0.803820	106.054687	165.429687
4098.906016	0.802202	8.824224	0.286450
4099.930974	0.518146	429.687500	-11.328125
4099.932973	0.773403	429.687500	-11.328125
4099.934974	0.802485	429.687500	-11.328125
4099.936974	0.800463	8.805099	0.283715
4100.981011	0.802856	106.640625	159.863281
4100.983012	0.800644	8.807084	0.262569
4102.007067	0.349623	421.875000	-11.230469
4102.009070	0.656892	421.875000	-11.230469
4102.011069	0.805264	421.875000	-11.230469
4102.013069	0.803454	8.837996	0.250815
4103.055120	0.348256	100.976562	177.636719
4103.057125	0.655496	100.976562	177.636719
4103.059124	0.804008	100.976562	177.636719
4103.063120	0.800735	8.808084	0.252108
4104.083193	0.502511	429.199219	-11.035156
4104.085194	0.765637	429.199219	-11.035156
4104.089195	0.799763	429.199219	-11.035156
4104.091194	0.798387	8.782251	0.249268
4105.135201	0.439897	102.441406	169.433594
4105.137203	0.729259	102.441406	169.433594
4105.139202	0.802879	102.441406	169.433594
4105.141202	0.800477	8.805249	0.277700
4106.159235	0.778191	425.585937	-11.328125
4106.161236	0.801928	425.585937	-11.328125
4106.163236	0.799949	8.799436	0.274168
4107.211274	0.386867	105.859375	147.851562
4107.213275	0.689279	105.859375	147.851562
4107.215278	0.804016	105.859375	147.851562
4107.217277	0.801608	8.817683	0.254723
4108.235281	0.585042	432.519531	-12.988281
4108.237284	0.794730	432.519531	-12.988281
4108.241282	0.799758	432.519531	-12.988281
4108.243283	0.798342	8.781764	0.252389
4109.283869	0.308745	99.707031	151.660156
4109.285874	0.618210	99.707031	151.660156
4109.287873	0.624241	99.707031	151.660156
4109.289874	0.801264	8.813908	0.281492
4110.313909	0.249255	432.226562	-13.574219
4110.315911	0.561231	432.226562	-13.574219
4110.317911	0.788893	432.226562	-13.574219
4110.319911	0.801987	432.226562	-13.574219
4110.321909	0.800068	8.800747	0.286753
4111.353976	0.323947	99.804687	154.785156
4111.355984	0.632698	99.804687	154.785156
4111.357982	0.802840	99.804687	154.785156
4111.359983	0.802665	8.829310	0.273815
4112.398049	0.720866	434.375000	-12.207031
4112.400050	0.803353	434.375000	-12.207031
4112.402050	0.800751	8.808262	0.244019
4113.430572	0.432847	103.027344	168.261719
4113.432575	0.724311	103.027344	168.261719
4113.434579	0.802785	103.027344	168.261719
4113.436576	0.800343	8.803769	0.258483
4114.469548	0.291766	428.710937	-11.914062
4114.471547	0.601964	428.710937	-11.914062
4114.473551	0.798836	428.710937	-11.914062
4114.477547	0.800598	428.710937	-11.914062
4114.479548	0.799387	8.793259	0.272981
4115.510073	0.313761	100.878906	184.863281
4115.512080	0.623105	100.878906	184.863281
4115.514083	0.802077	100.878906	184.863281
4115.516080	0.802668	8.829346	0.275524
4116.540157	0.582838	429.687500	-11.621094
4116.542160	0.794469	429.687500	-11.621094
4116.544160	0.801825	429.687500	-11.621094
4116.546160	0.799946	8.799409	0.261244
4117.595118	0.579074	105.273437	163.281250
4117.597119	0.794004	105.273437	163.281250
4117.599119	0.802299	105.273437	163.281250
4117.601119	0.800452	8.804975	0.420248
4118.615161	0.484349	432.519531	-13.281250
4118.617164	0.756820	432.519531	-13.281250
4118.619163	0.802839	432.519531	-13.281250
4118.621165	0.802745	8.830196	0.254379
4119.669761	0.660086	105.175781	142.480469
4119.671763	0.802449	105.175781	142.480469
4119.673762	0.800769	8.808457	0.264204
4120.697794	0.416325	431.640625	-13.769531
4120.699795	0.712563	431.640625	-13.769531
4120.701797	0.803791	431.640625	-13.769531
4120.703795	0.801237	8.813606	0.258329
4121.737881	0.762762	99.902344	164.746094
4121.739882	0.802482	99.902344	164.746094
4121.741883	0.800380	8.804176	0.256266
4122.779906	0.661266	434.375000	-12.792969
4122.781908	0.803357	434.375000	-12.792969
4122.785908	0.800135	8.801482	0.246995
4123.814850	0.534083	102.539062	179.003906
4123.816851	0.779767	102.539062	179.003906
4123.818852	0.802178	102.539062	179.003906
4123.820852	0.800240	8.802644	0.264164
4124.853412	0.800433	429.101562	-12.500000
4124.855414	0.801886	429.101562	-12.500000
4124.857414	0.800178	8.801961	0.260186
4125.895937	0.386766	97.851562	197.167969
4125.897937	0.689270	97.851562	197.167969
4125.899937	0.804344	97.851562	197.167969
4125.901937	0.801906	8.820962	0.249005
4126.919997	0.356307	425.585937	-12.988281
4126.921999	0.662805	425.585937	-12.988281
4126.923999	0.803014	425.585937	-12.988281
4126.926001	0.801239	8.813633	0.249252
4127.976079	0.328228	101.757812	178.027344
4127.978079	0.636800	101.757812	178.027344
4127.980080	0.802873	101.757812	178.027344
4127.982080	0.802400	8.826395	0.256186
4128.996701	0.361443	425.390625	-13.769531
4128.998701	0.667431	425.390625	-13.769531
4129.000701	0.804005	425.390625	-13.769531
4129.002700	0.802105	8.823160	0.251656
4130.052749	0.328435	99.511719	164.453125
4130.054749	0.637001	99.511719	164.453125
4130.056750	0.651675	99.511719	164.453125
4130.058750	0.801914	8.821051	0.248363
4131.076779	0.529574	432.910156	-14.453125
4131.078781	0.777890	432.910156	-14.453125
4131.080779	0.801980	432.910156	-14.453125
4131.082781	0.800058	8.800641	0.246553
4132.124779	0.239323	102.246094	154.003906
4132.126781	0.552005	102.246094	154.003906
4132.128782	0.786141	102.246094	154.003906
4132.130783	0.802124	102.246094	154.003906
4132.132781	0.800231	8.802538	0.259378
4133.156801	0.531087	433.789062	-15.332031
4133.158800	0.540711	433.789062	-15.332031
4133.160801	0.802354	433.789062	-15.332031
4133.164798	0.799087	8.789953	0.249640
4134.198879	0.594479	99.902344	164.453125
4134.200881	0.796780	99.902344	164.453125
4134.202881	0.801720	99.902344	164.453125
4134.204880	0.799892	8.798816	0.507335
4135.235445	0.521450	429.980469	-14.550781
4135.237447	0.774665	429.980469	-14.550781
4135.239447	0.802400	429.980469	-14.550781
4135.241447	0.800426	8.804690	0.257887
4136.275942	0.769000	96.386719	179.101562
4136.279943	0.801072	96.386719	179.101562
4136.281945	0.799741	8.797149	0.251674
4137.311985	0.423535	429.492187	-14.355469
4137.313986	0.717879	429.492187	-14.355469
4137.315986	0.803611	429.492187	-14.355469
4137.317987	0.801089	8.811975	0.245921
4138.350445	0.442173	99.804687	172.656250
4138.352445	0.730753	99.804687	172.656250
4138.354447	0.802880	99.804687	172.656250
4138.356446	0.800484	8.805328	0.241899
4139.389028	0.440953	435.156250	-14.550781
4139.391031	0.729985	435.156250	-14.550781
4139.393030	0.803043	435.156250	-14.550781
4139.395030	0.800673	8.807403	0.244308
4140.429056	0.750082	98.144531	175.781250
4140.431057	0.802691	98.144531	175.781250
4140.433057	0.800478	8.805258	0.255462
4141.463621	0.395865	431.738281	-15.234375
4141.465621	0.696821	431.738281	-15.234375
4141.467623	0.805189	431.738281	-15.234375
4141.469621	0.802581	8.828388	0.260536
4142.503661	0.422419	95.996094	180.078125
4142.505663	0.716855	95.996094	180.078125
4142.507662	0.803325	95.996094	180.078125
4142.509664	0.800838	8.809219	0.251930
4143.539755	0.509127	432.714844	-15.429687
4143.541756	0.769008	432.714844	-15.429687
4143.543755	0.802059	432.714844	-15.429687
4143.545755	0.800094	8.801040	0.239863
4144.581812	0.453478	94.628906	180.859375
4144.583820	0.738623	94.628906	180.859375
4144.585826	0.803658	94.628906	180.859375
4144.587826	0.801221	8.813429	0.250637
4145.613864	0.588591	435.253906	-15.332031
4145.615867	0.795804	435.253906	-15.332031
4145.617867	0.801885	435.253906	-15.332031
4145.619865	0.800106	8.801164	0.471557
4146.662417	0.507024	96.386719	181.152344
4146.664419	0.768380	96.386719	181.152344
4146.666420	0.802687	96.386719	181.152344
4146.668421	0.800662	8.807279	0.248076
4147.686428	0.469344	427.148437	-14.941406
4147.690431	0.803220	427.148437	-14.941406
4147.694429	0.799587	427.148437	-14.941406
4147.696431	0.798453	8.782978	0.243853
4148.742480	0.703989	98.339844	187.597656
4148.746480	0.800983	98.339844	187.597656
4148.748482	0.799551	8.795057	0.242861
4149.763029	0.574513	427.148437	-13.378906
4149.765030	0.792474	427.148437	-13.378906
4149.767030	0.801740	427.148437	-13.378906
4149.771028	0.798579	8.784369	0.396620
4150.817113	0.594620	97.558594	209.179687
4150.819116	0.796654	97.558594	209.179687
4150.821115	0.801537	97.558594	209.179687
4150.823116	0.799725	8.796971	0.253305
4151.841166	0.367878	427.929687	-12.890625
4151.843166	0.672901	427.929687	-12.890625
4151.845166	0.802982	427.929687	-12.890625
4151.847167	0.800998	8.810983	0.247829
4152.887191	0.447376	94.335937	223.925781
4152.889192	0.734175	94.335937	223.925781
4152.891192	0.802442	94.335937	223.925781
4152.893192	0.800080	8.800880	0.253657
4153.923194	0.405500	425.195312	-13.085937
4153.925197	0.704286	425.195312	-13.085937
4153.927197	0.804070	425.195312	-13.085937
4153.929197	0.801625	8.817878	0.237845
4154.959294	0.415237	93.164062	216.503906
4154.961294	0.711723	93.164062	216.503906
4154.965292	0.801517	93.164062	216.503906
4154.967297	0.800078	8.800853	0.247415
4156.001341	0.314381	434.472656	-13.476562
4156.003342	0.623611	434.472656	-13.476562
4156.005341	0.801509	434.472656	-13.476562
4156.007343	0.802182	8.824001	0.248910
4157.035895	0.561856	94.531250	200.585937
4157.037898	0.788792	94.531250	200.585937
4157.039896	0.801606	94.531250	200.585937
4157.041897	0.799634	8.795979	0.254724
4158.075903	0.465153	433.398437	-14.941406
4158.077905	0.745540	433.398437	-14.941406
4158.079905	0.802570	433.398437	-14.941406
4158.083902	0.798823	8.787055	0.236005
4159.118001	0.413261	96.386719	187.109375
4159.120004	0.710082	96.386719	187.109375
4159.122002	0.803271	96.386719	187.109375
4159.124003	0.800823	8.809051	0.236742
4160.148082	0.777808	433.593750	-13.671875
4160.150083	0.802245	433.593750	-13.671875
4160.152082	0.800244	8.802679	0.234860
4161.198627	0.510229	101.269531	189.843750
4161.200629	0.769672	101.269531	189.843750
4161.202630	0.802412	101.269531	189.843750
4161.204629	0.800358	8.803937	0.242613
4162.218668	0.290365	429.199219	-12.695312
4162.220671	0.600594	429.199219	-12.695312
4162.222669	0.798321	429.199219	-12.695312
4162.224671	0.802146	429.199219	-12.695312
4162.226671	0.800348	8.803831	0.248705
4163.274716	0.747004	100.195312	210.839844
4163.276717	0.802902	100.195312	210.839844
4163.278718	0.800581	8.806392	0.232174
4164.299281	0.266603	422.949219	-12.890625
4164.301283	0.577834	422.949219	-12.890625
4164.303283	0.794046	422.949219	-12.890625
4164.305283	0.802719	422.949219	-12.890625
4164.307283	0.800870	8.809565	0.237084
4165.345369	0.319717	96.093750	223.632812
4165.347371	0.333974	96.093750	223.632812
4165.349373	0.801367	96.093750	223.632812
4165.351371	0.801525	8.816771	0.233513
4166.383396	0.665522	431.835937	-12.988281
4166.385397	0.803360	431.835937	-12.988281
4166.387398	0.801433	8.815760	0.238697
4167.417432	0.517895	94.042969	220.312500
4167.419435	0.773294	94.042969	220.312500
4167.421435	0.802601	94.042969	220.312500
4167.423433	0.800554	8.806091	0.238171
4168.461449	0.524097	425.878906	-13.378906
4168.463448	0.775695	425.878906	-13.378906
4168.467448	0.800159	425.878906	-13.378906
4168.469451	0.798730	8.786027	0.227798
4169.493481	0.461236	96.484375	203.222656
4169.495483	0.742981	96.484375	203.222656
4169.497483	0.802467	96.484375	203.222656
4169.499484	0.800206	8.802271	0.236697
4170.536061	0.405952	431.250000	-14.648437
4170.538066	0.704610	431.250000	-14.648437
4170.540065	0.803949	431.250000	-14.648437
4170.542070	0.801465	8.816114	0.235519
4171.572088	0.404896	93.945312	201.367187
4171.574090	0.703897	93.945312	201.367187
4171.576090	0.804275	93.945312	201.367187
4171.578089	0.801782	8.819597	0.240559
4172.610123	0.516809	430.957031	-15.527344
4172.612126	0.772699	430.957031	-15.527344
4172.614126	0.802453	430.957031	-15.527344
4172.616127	0.800449	8.804939	0.233770
4173.650148	0.382682	93.652344	200.195312
4173.652151	0.685816	93.652344	200.195312
4173.654151	0.804576	93.652344	200.195312
4173.656150	0.802187	8.824055	0.233381
4174.684205	0.472303	434.179687	-15.722656
4174.686206	0.749712	434.179687	-15.722656
4174.688206	0.802508	434.179687	-15.722656
4174.690204	0.800215	8.802369	0.234388
4175.730225	0.754104	97.949219	190.039062
4175.732227	0.802750	97.949219	190.039062
4175.734228	0.800530	8.805834	0.232110
4176.758801	0.389477	433.593750	-15.722656
4176.760802	0.691432	433.593750	-15.722656
4176.762803	0.804443	433.593750	-15.722656
4176.764803	0.801902	8.820927	0.234511
4177.808883	0.803179	97.949219	190.429687
4177.810885	0.800741	8.808156	0.235736
4178.835453	0.465483	432.226562	-15.527344
4178.837453	0.745690	432.226562	-15.527344
4178.839454	0.802590	432.226562	-15.527344
4178.841453	0.800310	8.803406	0.239029
4179.879496	0.553378	96.679687	195.214844
4179.881499	0.786390	96.679687	195.214844
4179.883495	0.801813	96.679687	195.214844
4179.885496	0.799904	8.798940	0.307769
4180.911521	0.288827	427.734375	-15.332031
4180.913523	0.599109	427.734375	-15.332031
4180.915523	0.798212	427.734375	-15.332031
4180.917523	0.802400	427.734375	-15.332031
4180.919523	0.800671	8.807384	0.237042
4181.957533	0.565405	93.945312	203.710937
4181.959536	0.790345	93.945312	203.710937
4181.963534	0.800215	93.945312	203.710937
4181.965535	0.798914	8.788056	0.349383
4182.989601	0.311272	428.613281	-15.820312
4182.991602	0.620662	428.613281	-15.820312
4182.993602	0.801004	428.613281	-15.820312
4182.995602	0.801985	8.821831	0.239258
4184.029659	0.381392	93.750000	206.347656
4184.031660	0.684639	93.750000	206.347656
4184.033660	0.803906	93.750000	206.347656
4184.035661	0.801587	8.817461	0.235941
4185.067738	0.340782	429.882812	-15.429687
4185.069739	0.648643	429.882812	-15.429687
4185.071739	0.803792	429.882812	-15.429687
4185.073738	0.802546	8.828008	0.235480
4186.105780	0.743573	91.894531	218.847656
4186.107781	0.802698	91.894531	218.847656
4186.109781	0.800484	8.805328	0.237140
4187.145779	0.434100	427.539062	-14.941406
4187.147779	0.725339	427.539062	-14.941406
4187.149780	0.802961	427.539062	-14.941406
4187.151779	0.800542	8.805967	0.227882
4188.179805	0.361796	92.187500	228.515625
4188.181805	0.667704	92.187500	228.515625
4188.183806	0.802799	92.187500	228.515625
4188.185807	0.800866	8.809529	0.228772
4189.221878	0.541880	426.757812	-14.648437
4189.223880	0.782539	426.757812	-14.648437
4189.225880	0.801953	426.757812	-14.648437
4189.227881	0.800002	8.800020	0.238162
4190.259981	0.660121	89.843750	245.996094
4190.261988	0.803433	89.843750	245.996094
4190.263984	0.801761	8.819366	0.232348
4191.294051	0.361310	430.566406	-13.867187
4191.296052	0.667170	430.566406	-13.867187
4191.298053	0.803299	430.566406	-13.867187
4191.300052	0.801369	8.815060	0.235805
4192.338114	0.335449	95.800781	238.476562
4192.340115	0.643546	95.800781	238.476562
4192.342115	0.802288	95.800781	238.476562
4192.344114	0.801388	8.815264	0.232786
4193.366179	0.450553	430.468750	-13.183594
4193.368181	0.736173	430.468750	-13.183594
4193.370181	0.802358	430.468750	-13.183594
4193.372181	0.800007	8.800074	0.234309
4194.418760	0.356970	95.800781	229.296875
4194.420761	0.663281	95.800781	229.296875
4194.422760	0.802748	95.800781	229.296875
4194.424762	0.801004	8.811046	0.229036
4195.440803	0.450332	430.859375	-14.160156
4195.442803	0.736264	430.859375	-14.160156
4195.444806	0.802943	430.859375	-14.160156
4195.446804	0.800583	8.806410	0.230657
4196.495399	0.627347	97.460937	208.886719
4196.497401	0.801468	97.460937	208.886719
4196.501399	0.800108	8.801190	0.630865
4197.519442	0.317585	434.863281	-15.820312
4197.521441	0.626670	434.863281	-15.820312
4197.523441	0.801305	434.863281	-15.820312
4197.525441	0.801659	8.818251	0.227971
4198.568009	1.616143	97.949219	202.246094
4198.570010	0.801632	97.949219	202.246094
4198.572011	0.801609	8.817700	0.653987
4199.602968	0.726650	428.808594	-15.332031
4199.604969	0.802991	428.808594	-15.332031
4199.606969	0.800592	8.806517	0.227644
4200.639059	0.595795	91.406250	227.246094
4200.641062	0.796969	91.406250	227.246094
4200.643062	0.801657	91.406250	227.246094
4200.645062	0.799875	8.798629	0.487806
4201.679087	0.384060	427.636719	-14.648437
4201.681088	0.687007	427.636719	-14.648437
4201.683090	0.804499	427.636719	-14.648437
4201.685089	0.802055	8.822601	0.225809
4202.713181	0.279437	90.722656	243.554687
4202.715182	0.590060	90.722656	243.554687
4202.717182	0.795824	90.722656	243.554687
4202.719186	0.801674	90.722656	243.554687
4202.721184	0.799796	8.797760	0.236155
4203.755241	0.462560	427.343750	-14.550781
4203.757242	0.744020	427.343750	-14.550781
4203.759243	0.803009	427.343750	-14.550781
4203.761242	0.800623	8.806853	0.227484
4204.793317	0.382562	90.820312	252.636719
4204.795318	0.685556	90.820312	252.636719
4204.797320	0.803820	90.820312	252.636719
4204.801317	0.799886	8.798744	0.225606
4205.827415	0.320211	429.589844	-14.355469
4205.829417	0.629049	429.589844	-14.355469
4205.831416	0.801122	429.589844	-14.355469
4205.833417	0.801371	8.815078	0.229072
4206.871940	0.487355	96.484375	242.382812
4206.873940	0.758219	96.484375	242.382812
4206.875942	0.802628	96.484375	242.382812
4206.877943	0.800428	8.804708	0.224456
4207.902897	0.572175	433.105469	-14.453125
4207.904902	0.791904	433.105469	-14.453125
4207.906900	0.801750	433.105469	-14.453125
4207.908901	0.799895	8.798841	0.222695
4208.952888	0.631365	96.972656	239.062500
4208.954888	0.801401	96.972656	239.062500
4208.956887	0.801303	8.814333	0.651022
4209.976905	0.553958	420.996094	-14.257812
4209.978906	0.786405	420.996094	-14.257812
4209.980907	0.801652	420.996094	-14.257812
4209.982906	0.799719	8.796909	0.302461
4211.028909	0.453263	90.625000	249.804687
4211.030909	0.738209	90.625000	249.804687
4211.032911	0.802920	90.625000	249.804687
4211.036907	0.799176	8.790936	0.232361
4212.050965	0.350582	423.828125	-14.648437
4212.052967	0.657484	423.828125	-14.648437
4212.054965	0.802649	423.828125	-14.648437
4212.056967	0.801138	8.812516	0.223368
4213.105008	0.483873	97.265625	227.539062
4213.107010	0.756381	97.265625	227.539062
4213.109010	0.802597	97.265625	227.539062
4213.111010	0.800357	8.803928	0.227540
4214.129066	0.716537	433.984375	-15.332031
4214.131071	0.803911	433.984375	-15.332031
4214.133076	0.801356	8.814919	0.224235
4215.182069	0.385954	92.578125	235.253906
4215.184072	0.688492	92.578125	235.253906
4215.186070	0.804143	92.578125	235.253906
4215.188070	0.801711	8.818817	0.225292
4216.204131	0.362965	429.101562	-15.625000
4216.206133	0.668680	429.101562	-15.625000
4216.208133	0.802997	429.101562	-15.625000
4216.210133	0.801051	8.811560	0.222784
4217.258155	0.528480	90.527344	241.601562
4217.262158	0.801979	90.527344	241.601562
4217.264164	0.800033	90.527344	241.601562
4217.266166	0.798717	8.785885	0.222970
4218.282214	0.615300	432.128906	-15.429687
4218.284215	0.800462	432.128906	-15.429687
4218.286215	0.801948	8.821431	0.572492
4219.335207	0.509687	91.210937	241.992187
4219.337207	0.769018	91.210937	241.992187
4219.341208	0.799710	91.210937	241.992187
4219.343209	0.798399	8.782384	0.219190
4220.355235	0.370912	425.488281	-15.332031
4220.357238	0.675604	425.488281	-15.332031
4220.359236	0.802773	425.488281	-15.332031
4220.361238	0.802792	8.830710	0.225389
4221.409276	0.304321	89.746094	252.929687
4221.411283	0.613950	89.746094	252.929687
4221.413288	0.799944	89.746094	252.929687
4221.415288	0.801512	8.816628	0.226714
4222.439379	0.688846	417.675781	-13.964844
4222.441381	0.803379	417.675781	-13.964844
4222.443381	0.801102	8.812126	0.225392
4223.485845	0.449349	90.429687	258.007812
4223.487846	0.735386	90.429687	258.007812
4223.489847	0.802643	90.429687	258.007812
4223.491848	0.800296	8.803255	0.219327
4224.509903	0.378744	425.292969	-14.746094
4224.511905	0.682536	425.292969	-14.746094
4224.513904	0.804881	425.292969	-14.746094
4224.515903	0.804887	8.853752	0.223319
4225.561934	0.555831	90.820312	260.058594
4225.563938	0.787348	90.820312	260.058594
4225.565939	0.802002	90.820312	260.058594
4225.567942	0.800036	8.800402	0.295913
4226.587995	0.320085	427.148437	-15.332031
4226.589997	0.628980	427.148437	-15.332031
4226.591996	0.802186	427.148437	-15.332031
4226.593996	0.802292	8.825216	0.218735
4227.636548	0.702946	91.503906	257.714844
4227.638550	0.804133	91.503906	257.714844
4227.640551	0.801670	8.818365	0.218411
4228.669084	0.486865	428.027344	-15.429687
4228.671084	0.757968	428.027344	-15.429687
4228.673085	0.802474	428.027344	-15.429687
4228.675085	0.800366	8.804026	0.221325
4229.709619	0.788142	92.968750	250.585937
4229.711623	0.801984	92.968750	250.585937
4229.713620	0.800074	8.800817	0.219937
4230.748271	0.599222	422.460937	-15.234375
4230.750274	0.797248	422.460937	-15.234375
4230.752272	0.801370	422.460937	-15.234375
4230.756274	0.798283	8.781108	0.225966
4231.784305	0.777838	91.601562	244.824219
4231.786307	0.802245	91.601562	244.824219
4231.788310	0.800272	8.802989	0.225325
4232.826912	0.752678	432.324219	-16.503906
4232.828912	0.802391	432.324219	-16.503906
4232.830912	0.800184	8.802024	0.214965
4233.859473	0.526485	92.089844	233.203125
4233.861476	0.776437	92.089844	233.203125
4233.863476	0.801803	92.089844	233.203125
4233.865475	0.799768	8.797450	0.221658
4234.898078	0.566789	433.398437	-17.285156
4234.900078	0.790264	433.398437	-17.285156
4234.902087	0.801641	433.398437	-17.285156
4234.904089	0.799715	8.796865	0.342381
4235.940687	0.671135	89.062500	234.960937
4235.942688	0.802885	89.062500	234.960937
4235.944688	0.800902	8.809919	0.217992
4236.968760	0.274279	432.910156	-17.285156
4236.972760	0.795227	432.910156	-17.285156
4236.974761	0.802005	432.910156	-17.285156
4236.976762	0.800205	8.802254	0.217446
4238.019300	0.422168	89.062500	240.136719
4238.021302	0.716923	89.062500	240.136719
4238.023300	0.803773	89.062500	240.136719
4238.025302	0.801287	8.814156	0.216111
4239.043360	0.547182	425.683594	-16.210937
4239.045362	0.784657	425.683594	-16.210937
4239.047363	0.802229	425.683594	-16.210937
4239.049363	0.800348	8.803823	0.260831
4240.097396	0.520793	89.355469	254.003906
4240.099403	0.774267	89.355469	254.003906
4240.101402	0.802085	89.355469	254.003906
4240.103403	0.800066	8.800729	0.215106
4241.119437	0.458872	425.488281	-15.917969
4241.121436	0.741835	425.488281	-15.917969
4241.123436	0.803162	425.488281	-15.917969
4241.125437	0.800819	8.809007	0.214849
4242.171507	0.483117	91.601562	260.253906
4242.173506	0.755855	91.601562	260.253906
4242.175507	0.802530	91.601562	260.253906
4242.177508	0.800314	8.803459	0.214474
4243.197566	0.283301	423.437500	-15.722656
4243.199570	0.593803	423.437500	-15.722656
4243.201568	0.796320	423.437500	-15.722656
4243.205566	0.799459	423.437500	-15.722656
4243.207570	0.798190	8.780089	0.217152
4244.243582	0.483465	92.968750	259.667969
4244.245585	0.756021	92.968750	259.667969
4244.247586	0.802579	92.968750	259.667969
4244.249590	0.800364	8.804008	0.221826
4245.278176	0.538590	422.558594	-15.917969
4245.280178	0.780851	422.558594	-15.917969
4245.282178	0.801324	422.558594	-15.917969
4245.284178	0.799294	8.792239	0.212810
4246.318227	0.565530	88.671875	268.652344
4246.322228	0.801628	88.671875	268.652344
4246.324229	0.799739	88.671875	268.652344
4246.326228	0.798398	8.782375	0.339100
4247.356292	0.447490	424.902344	-15.722656
4247.358295	0.734245	424.902344	-15.722656
4247.360296	0.802573	424.902344	-15.722656
4247.362295	0.800137	8.801510	0.213755
4248.394348	0.758592	85.546875	273.339844
4248.396347	0.802228	85.546875	273.339844
4248.398349	0.800121	8.801332	0.209198
4249.434396	0.549193	429.394531	-16.015625
4249.436395	0.785402	429.394531	-16.015625
4249.438397	0.802308	429.394531	-16.015625
4249.440396	0.800381	8.804186	0.263063
4250.473359	0.800341	85.644531	269.824219
4250.475361	0.798922	8.788145	0.213794
4251.509399	0.289146	432.226562	-16.113281
4251.511401	0.599307	432.226562	-16.113281
4251.513401	0.797429	432.226562	-16.113281
4251.517400	0.799577	432.226562	-16.113281
4251.519403	0.798381	8.782189	0.221699
4252.544357	0.598803	85.449219	267.285156
4252.546359	0.797414	85.449219	267.285156
4252.548359	0.801620	85.449219	267.285156
4252.550360	0.799803	8.797832	0.211937
4253.586403	0.499625	425.195312	-16.015625
4253.588403	0.764242	425.195312	-16.015625
4253.590405	0.801910	425.195312	-16.015625
4253.592404	0.799817	8.797982	0.213480
4254.618458	0.321014	91.406250	249.902344
4254.620459	0.629886	91.406250	249.902344
4254.622459	0.802126	91.406250	249.902344
4254.624457	0.802143	8.823567	0.216234
4255.661391	0.359025	428.808594	-16.406250
4255.663391	0.665141	428.808594	-16.406250
4255.665393	0.804653	428.808594	-16.406250
4255.667392	0.802706	8.829771	0.218910
4256.695445	0.288827	88.378906	259.960937
4256.697447	0.598989	88.378906	259.960937
4256.699449	0.797109	88.378906	259.960937
4256.701447	0.801181	88.378906	259.960937
4256.703447	0.799374	8.793117	0.213624
4257.739453	0.454142	430.566406	-16.113281
4257.741457	0.738776	430.566406	-16.113281
4257.743455	0.803021	430.566406	-16.113281
4257.747455	0.799257	8.791822	0.209460
4258.770030	0.282485	91.406250	254.882812
4258.774032	0.796448	91.406250	254.882812
4258.776033	0.801618	91.406250	254.882812
4258.778032	0.799848	8.798327	0.217155
4259.814586	0.532808	430.566406	-16.210937
4259.816588	0.778834	430.566406	-16.210937
4259.818590	0.801635	430.566406	-16.210937
4259.820589	0.799665	8.796316	0.219488
4260.847145	0.312143	87.597656	269.726562
4260.849147	0.621362	87.597656	269.726562
4260.851147	0.801686	87.597656	269.726562
4260.855146	0.800971	8.810682	0.215266
4261.891176	0.442023	422.851562	-15.722656
4261.893178	0.730660	422.851562	-15.722656
4261.897175	0.800472	422.851562	-15.722656
4261.899178	0.799042	8.789465	0.210450
4262.925238	0.532293	91.699219	263.867187
4262.927239	0.778575	91.699219	263.867187
4262.929239	0.801566	91.699219	263.867187
4262.931240	0.799548	8.795031	0.210911
4263.967815	0.789098	424.609375	-15.917969
4263.969815	0.801873	424.609375	-15.917969
4263.971816	0.800016	8.800179	0.326707
4265.001874	0.287526	86.718750	281.347656
4265.003876	0.597852	86.718750	281.347656
4265.007874	0.801604	86.718750	281.347656
4265.009876	0.799793	86.718750	281.347656
4265.011876	0.798532	8.783847	0.217890
4266.039928	0.522446	417.773437	-15.625000
4266.041929	0.774954	417.773437	-15.625000
4266.043930	0.801966	417.773437	-15.625000
4266.045928	0.800032	8.800357	0.210317
4267.081964	0.383743	89.062500	278.222656
4267.083971	0.686562	89.062500	278.222656
4267.085976	0.803855	89.062500	278.222656
4267.087980	0.801471	8.816176	0.207016
4268.113999	0.593593	428.906250	-15.917969
4268.116000	0.796839	428.906250	-15.917969
4268.118000	0.801922	428.906250	-15.917969
4268.120002	0.800098	8.801075	0.466360
4269.162064	0.633462	86.914062	283.300781
4269.164065	0.801123	86.914062	283.300781
4269.166066	0.800997	8.810966	0.207728
4270.186123	0.282721	421.875000	-15.722656
4270.188126	0.593267	421.875000	-15.722656
4270.190126	0.796204	421.875000	-15.722656
4270.192125	0.801271	421.875000	-15.722656
4270.194127	0.799411	8.793516	0.211909
4271.238135	0.344767	94.433594	257.519531
4271.240135	0.652237	94.433594	257.519531
4271.242134	0.803057	94.433594	257.519531
4271.244136	0.801637	8.818002	0.210113
4272.260127	0.268861	426.171875	-16.210937
4272.262126	0.579879	426.171875	-16.210937
4272.264128	0.793548	426.171875	-16.210937
4272.266129	0.801461	426.171875	-16.210937
4272.268128	0.801392	8.815317	0.211669
4273.316221	0.562038	92.382812	250.390625
4273.318227	0.789336	92.382812	250.390625
4273.320226	0.802221	92.382812	250.390625
4273.324223	0.798949	8.788437	0.312607
4274.342276	0.790788	426.953125	-17.187500
4274.344278	0.801393	426.953125	-17.187500
4274.346277	0.799492	8.794411	0.355633
4275.388847	0.413493	87.109375	255.566406
4275.390850	0.710313	87.109375	255.566406
4275.392850	0.803396	87.109375	255.566406
4275.394850	0.800957	8.810532	0.216317
4276.420953	0.734404	421.582031	-17.968750
4276.422956	0.803093	421.582031	-17.968750
4276.424955	0.800683	8.807518	0.206150
4277.463027	0.579148	89.062500	250.976562
4277.465026	0.793552	89.062500	250.976562
4277.469024	0.799907	89.062500	250.976562
4277.471028	0.798628	8.784910	0.389395
4278.499096	0.508895	429.101562	-17.968750
4278.501095	0.769525	429.101562	-17.968750
4278.503097	0.803403	429.101562	-17.968750
4278.505097	0.801260	8.813863	0.204788
4279.535105	0.427384	87.109375	264.941406
4279.537106	0.720594	87.109375	264.941406
4279.539108	0.803385	87.109375	264.941406
4279.541108	0.800845	8.809299	0.205653
4280.577132	0.560400	428.027344	-16.796875
4280.579135	0.788459	428.027344	-16.796875
4280.581136	0.801736	428.027344	-16.796875
4280.583135	0.799792	8.797716	0.310786
4281.609225	0.387694	84.570312	278.417969
4281.611227	0.689807	84.570312	278.417969
4281.613228	0.803622	84.570312	278.417969
4281.615227	0.801318	8.814501	0.212004
4282.655293	0.702401	430.078125	-17.089844
4282.657295	0.803370	430.078125	-17.089844
4282.659297	0.800955	8.810504	0.205405
4283.687823	0.487646	90.136719	272.363281
4283.689825	0.758205	90.136719	272.363281
4283.691826	0.802197	90.136719	272.363281
4283.693825	0.800072	8.800792	0.202068
4284.726834	0.394153	428.320312	-16.992187
4284.728837	0.695163	428.320312	-16.992187
4284.730835	0.804339	428.320312	-16.992187
4284.732836	0.804306	8.847363	0.211517
4285.767421	0.749855	88.476562	281.445312
4285.769425	0.802734	88.476562	281.445312
4285.771425	0.800454	8.804993	0.207030
4286.802000	0.439273	424.902344	-16.894531
4286.804003	0.728879	424.902344	-16.894531
4286.806004	0.802777	424.902344	-16.894531
4286.808004	0.800378	8.804159	0.206164
4287.842019	0.301679	90.332031	279.492187
4287.844034	0.611373	90.332031	279.492187
4287.846040	0.799849	90.332031	279.492187
4287.848039	0.801596	8.817559	0.204803
4288.878588	0.770022	427.929687	-17.089844
4288.880590	0.802130	427.929687	-17.089844
4288.882590	0.800062	8.800685	0.204834
4289.923163	0.758189	88.867187	284.082031
4289.925166	0.802214	88.867187	284.082031
4289.927167	0.800059	8.800650	0.201533
4290.951746	0.631919	425.488281	-16.796875
4290.953746	0.801732	425.488281	-16.796875
4290.955750	0.801680	8.818480	0.635265
4291.998294	0.558344	89.550781	284.082031
4292.000295	0.787844	89.550781	284.082031
4292.002296	0.801731	89.550781	284.082031
4292.004296	0.799865	8.798513	0.208417
4293.026852	0.433135	422.558594	-16.699219
4293.028854	0.444130	422.558594	-16.699219
4293.030855	0.803011	422.558594	-16.699219
4293.034851	0.799123	8.790352	0.207016
4294.074903	0.727975	91.894531	277.441406
4294.076904	0.802814	91.894531	277.441406
4294.080902	0.798809	8.786904	0.206682
4295.103864	0.601174	426.757812	-16.796875
4295.105865	0.797371	426.757812	-16.796875
4295.107865	0.801054	426.757812	-16.796875
4295.109867	0.799280	8.792080	0.493238
4296.150413	0.526878	86.328125	292.578125
4296.152414	0.776558	86.328125	292.578125
4296.154414	0.801761	86.328125	292.578125
4296.158412	0.798321	8.781534	0.200421
4297.180509	0.598148	420.898437	-17.089844
4297.182511	0.797574	420.898437	-17.089844
4297.184509	0.801835	420.898437	-17.089844
4297.186511	0.800070	8.800774	0.479844
4298.224553	0.373011	90.625000	281.445312
4298.226555	0.677518	90.625000	281.445312
4298.228561	0.803792	90.625000	281.445312
4298.230561	0.801519	8.816708	0.209465
4299.256615	0.509636	419.238281	-16.992187
4299.258614	0.769442	419.238281	-16.992187
4299.260614	0.802411	419.238281	-16.992187
4299.262614	0.800365	8.804017	0.208742
4300.302658	0.775022	89.550781	284.375000
4300.304661	0.801808	89.550781	284.375000
4300.306660	0.799789	8.797681	0.197644
4301.334681	0.247187	421.875000	-16.796875
4301.336682	0.559272	421.875000	-16.796875
4301.338683	0.788443	421.875000	-16.796875
4301.340683	0.801998	421.875000	-16.796875
4301.342684	0.800082	8.800898	0.206811
4302.372746	0.448221	90.722656	280.566406
4302.374749	0.734634	90.722656	280.566406
4302.376750	0.740856	90.722656	280.566406
4302.378751	0.799974	8.799710	0.207088
4303.415692	0.738203	424.023437	-16.992187
4303.417696	0.802731	424.023437	-16.992187
4303.419693	0.800377	8.804151	0.202019
4304.451750	0.791894	86.816406	285.156250
4304.453752	0.801467	86.816406	285.156250
4304.455753	0.799539	8.794925	0.358287
4305.492341	0.776839	430.175781	-17.480469
4305.494346	0.802180	430.175781	-17.480469
4305.496352	0.800170	8.801872	0.204759
4306.524895	0.720666	87.402344	275.878906
4306.526897	0.802996	87.402344	275.878906
4306.530895	0.799025	8.789279	0.206943
4307.568981	0.671081	418.750000	-17.480469
4307.570982	0.803450	418.750000	-17.480469
4307.572985	0.801433	8.815760	0.820221
4308.601000	0.331385	89.160156	264.257812
4308.603001	0.639720	89.160156	264.257812
4308.605002	0.802365	89.160156	264.257812
4308.607002	0.801750	8.819251	0.201835
4309.641923	0.494733	423.242187	-18.652344
4309.643925	0.761969	423.242187	-18.652344
4309.645925	0.802212	423.242187	-18.652344
4309.647925	0.800072	8.800792	0.200840
4310.680024	0.535198	85.742187	266.503906
4310.682026	0.780276	85.742187	266.503906
4310.684025	0.802208	85.742187	266.503906
4310.686025	0.800325	8.803574	0.202365
4311.714048	0.503353	421.484375	-19.238281
4311.716051	0.766242	421.484375	-19.238281
4311.718051	0.802204	421.484375	-19.238281
4311.720053	0.800136	8.801500	0.200877
4312.760110	0.590014	88.281250	258.105469
4312.762112	0.796650	88.281250	258.105469
4312.764114	0.802557	88.281250	258.105469
4312.766114	0.800719	8.807908	0.205816
4313.788656	0.657480	428.125000	-19.042969
4313.790658	0.802685	428.125000	-19.042969
4313.792657	0.801109	8.812197	0.200404
4314.837230	0.340697	87.207031	266.992187
4314.839231	0.648437	87.207031	266.992187
4314.841232	0.802400	87.207031	266.992187
4314.843234	0.801174	8.812915	0.201106
4315.861304	0.355137	422.949219	-18.066406
4315.863307	0.661579	422.949219	-18.066406
4315.865305	0.803324	422.949219	-18.066406
4315.867306	0.801638	8.818020	0.202703
4316.915373	1.468180	84.277344	285.058594
4316.919373	0.803354	84.277344	285.058594
4316.921373	0.800948	84.277344	285.058594
4316.925371	0.798320	8.781525	0.199181
4317.937432	0.428885	415.917969	-16.992187
4317.939433	0.721646	415.917969	-16.992187
4317.941432	0.803646	415.917969	-16.992187
4317.943432	0.801200	8.813198	0.205506
4318.989455	1.645370	86.230469	289.453125
4318.991456	0.706516	86.230469	289.453125
4318.993457	0.803892	86.230469	289.453125
4318.995457	0.801376	8.815140	0.205267
4320.015465	0.402732	418.945312	-16.699219
4320.017467	0.702409	418.945312	-16.699219
4320.019467	0.806143	418.945312	-16.699219
4320.021467	0.803459	8.838048	0.199196
4321.065553	0.477668	88.671875	290.625000
4321.067555	0.752618	88.671875	290.625000
4321.069557	0.802143	88.671875	290.625000
4321.071556	0.799968	8.799648	0.196463
4322.095606	0.748685	427.050781	-17.285156
4322.097609	0.802413	427.050781	-17.285156
4322.099610	0.800202	8.802227	0.199722
4323.140210	0.560619	85.742187	298.730469
4323.142214	0.788143	85.742187	298.730469
4323.144213	0.801184	85.742187	298.730469
4323.146214	0.799257	8.791822	0.301448
4324.172242	0.537174	422.265625	-17.089844
4324.174245	0.780688	422.265625	-17.089844
4324.176245	0.801791	422.265625	-17.089844
4324.178245	0.799897	8.798868	0.197925
4325.212278	0.240973	83.398437	302.441406
4325.214280	0.553513	83.398437	302.441406
4325.216280	0.786564	83.398437	302.441406
4325.218279	0.801923	83.398437	302.441406
4325.220279	0.800036	8.800393	0.200876
4326.250442	0.611253	427.734375	-17.773437
4326.252443	0.799315	427.734375	-17.773437
4326.254444	0.801043	427.734375	-17.773437
4326.256446	0.799196	8.791158	0.198728
4327.288447	0.326776	87.988281	290.820312
4327.290449	0.635333	87.988281	290.820312
4327.292452	0.802304	87.988281	290.820312
4327.294450	0.801964	8.821609	0.195112
4328.325050	0.376708	428.417969	-17.578125
4328.329050	0.802947	428.417969	-17.578125
4328.331050	0.800778	428.417969	-17.578125
4328.333052	0.799129	8.790422	0.200904
4329.365047	0.631499	88.964844	287.207031
4329.367049	0.801026	88.964844	287.207031
4329.369049	0.801069	8.811763	0.623167
4330.401045	0.269116	427.636719	-17.675781
4330.403046	0.580110	427.636719	-17.675781
4330.405046	0.793864	427.636719	-17.675781
4330.407046	0.801918	427.636719	-17.675781
4330.409050	0.800078	8.800853	0.206364
4331.440026	0.528523	84.472656	298.535156
4331.442027	0.777545	84.472656	298.535156
4331.444028	0.802163	84.472656	298.535156
4331.446028	0.800132	8.801456	0.195153
4332.478135	0.415421	424.023437	-17.480469
4332.480137	0.711741	424.023437	-17.480469
4332.482138	0.803265	424.023437	-17.480469
4332.484138	0.800785	8.808635	0.202598
4333.518214	0.739724	84.667969	299.218750
4333.520217	0.803180	84.667969	299.218750
4333.522214	0.800820	8.809015	0.194142
4334.554234	0.406589	422.558594	-17.480469
4334.556237	0.705193	422.558594	-17.480469
4334.560234	0.801888	422.558594	-17.480469
4334.562238	0.800374	8.804115	0.199042
4335.592276	0.359296	84.863281	300.390625
4335.594278	0.665457	84.863281	300.390625
4335.596280	0.804099	84.863281	300.390625
4335.598286	0.802216	8.824374	0.195891
4336.630310	0.548584	422.265625	-17.089844
4336.632312	0.784863	422.265625	-17.089844
4336.634313	0.801936	422.265625	-17.089844
4336.636313	0.799979	8.799772	0.251652
4337.672352	0.713304	86.425781	298.730469
4337.674354	0.803026	86.425781	298.730469
4337.676353	0.800460	8.805063	0.190777
4338.704402	0.388241	416.113281	-16.406250
4338.706403	0.690491	416.113281	-16.406250
4338.708404	0.804767	416.113281	-16.406250
4338.710404	0.802249	8.824738	0.199245
4339.746420	0.322715	86.035156	300.097656
4339.748422	0.631525	86.035156	300.097656
4339.750421	0.801370	86.035156	300.097656
4339.752422	0.801347	8.814820	0.195659
4340.778485	0.302091	418.847656	-17.285156
4340.780492	0.611876	418.847656	-17.285156
4340.782498	0.799931	418.847656	-17.285156
4340.784498	0.801761	418.847656	-17.285156
4340.786498	0.799964	8.799604	0.202515
4341.824536	0.309369	84.277344	304.785156
4341.826540	0.618828	84.277344	304.785156
4341.828542	0.800801	84.277344	304.785156
4341.830543	0.801923	8.821148	0.201849
4342.852601	0.303979	414.355469	-16.796875
4342.854607	0.327127	414.355469	-16.796875
4342.856610	0.799649	414.355469	-16.796875
4342.858613	0.801343	414.355469	-16.796875
4342.860612	0.799560	8.795155	0.204803
4343.902630	0.290916	84.277344	303.417969
4343.904633	0.349016	84.277344	303.417969
4343.906633	0.797704	84.277344	303.417969
4343.908633	0.801456	84.277344	303.417969
4343.910634	0.799630	8.795926	0.199468
4344.926669	0.296125	420.214844	-16.894531
4344.928667	0.606124	420.214844	-16.894531
4344.930681	0.800366	420.214844	-16.894531
4344.932682	0.803045	420.214844	-16.894531
4344.934682	0.801317	8.814484	0.202196
4345.978731	0.280838	86.328125	292.187500
4345.980735	0.591388	86.328125	292.187500
4345.982734	0.599380	86.328125	292.187500
4345.984733	0.802173	86.328125	292.187500
4345.986733	0.800377	8.804151	0.201225
4347.004758	0.517501	420.214844	-17.187500
4347.006761	0.772546	420.214844	-17.187500
4347.008760	0.801691	420.214844	-17.187500
4347.012759	0.798158	8.779735	0.193113
4348.056824	0.423756	86.523437	284.082031
4348.058824	0.717716	86.523437	284.082031
4348.060824	0.802563	86.523437	284.082031
4348.062822	0.800225	8.802475	0.196122
4349.080848	0.506726	425.390625	-17.968750
4349.082848	0.767957	425.390625	-17.968750
4349.084849	0.802344	425.390625	-17.968750
4349.086850	0.800277	8.803052	0.198080
4350.133407	0.714833	83.593750	282.812500
4350.135410	0.804162	83.593750	282.812500
4350.137409	0.801586	8.817444	0.193906
4351.157488	1.716958	418.359375	-18.359375
4351.159488	0.572497	418.359375	-18.359375
4351.161492	0.792625	418.359375	-18.359375
4351.163490	0.802586	418.359375	-18.359375
4351.165493	0.800725	8.807970	0.195265
4352.207523	0.715152	83.007812	281.445312
4352.209524	0.804170	83.007812	281.445312
4352.213522	0.800140	8.801545	0.195506
