time (s)	energy (uJ)	charge (mC)	voltage (mV)	crossing#mod 255
4440.675678	26.233438	0.011943	2.196509	100
4441.701123	25.554361	0.011931	2.141868	101
4442.757086	24.117292	0.011931	2.021414	102
4443.786823	24.751032	0.011959	2.069632	103
4444.831554	27.637835	0.011939	2.314851	104
4445.856044	27.455910	0.011946	2.298426	105
4446.905724	28.101103	0.011949	2.351718	106
4447.932464	26.106621	0.011940	2.186397	107
4448.988660	25.085056	0.011946	2.099878	108
4450.021087	24.689697	0.011926	2.070181	109
4451.059668	27.343645	0.011947	2.288826	110
4452.091603	23.860085	0.011936	1.999063	111
4453.133973	23.766071	0.011942	1.990104	112
4454.174166	39.237434	0.011931	3.288601	113
4455.209870	27.492313	0.011953	2.300117	114
4456.256372	25.664375	0.011915	2.153944	115
4457.280358	27.478128	0.011907	2.307662	116
4458.331452	23.701508	0.011930	1.986670	117
4459.361082	25.915426	0.011928	2.172644	118
4460.412296	23.850637	0.011926	1.999909	119
4461.443316	25.085115	0.011914	2.105464	120
4462.480976	25.549295	0.011923	2.142939	121
4463.517619	24.798948	0.011945	2.076118	122
4464.557336	23.538799	0.011931	1.972902	123
4465.602172	25.773790	0.011952	2.156437	124
4466.629709	26.547934	0.011920	2.227211	125
4467.677146	26.339369	0.011927	2.208337	126
4468.704087	24.880924	0.011930	2.085609	127
4469.761268	23.614265	0.011896	1.985053	128
4470.788950	23.453089	0.011922	1.967172	129
4471.836682	24.195965	0.011918	2.030274	130
4472.861093	23.414152	0.011954	1.958609	131
4473.910272	25.603764	0.011943	2.143817	132
4474.936181	24.882399	0.011943	2.083452	133
4475.987138	24.523106	0.011928	2.055997	134
4477.020039	23.454407	0.011926	1.966699	135
4478.062138	25.824694	0.011904	2.169501	136
4479.093726	22.873413	0.011918	1.919158	137
4480.139759	24.736185	0.011915	2.075995	138
4481.167610	24.624353	0.011940	2.062360	139
4482.216160	24.776577	0.011949	2.073456	140
4483.246725	22.706724	0.011944	1.901114	141
4484.286494	27.213001	0.011944	2.278352	142
4485.325344	22.719675	0.011922	1.905626	143
4486.370753	24.239313	0.011927	2.032351	144
4487.396794	25.066593	0.011920	2.102933	145
4488.446983	24.531515	0.011923	2.057564	146
4489.476380	22.989620	0.011947	1.924331	147
4490.523955	22.481846	0.011919	1.886287	148
4491.558526	22.492569	0.011960	1.880654	149
4492.600815	23.474716	0.011923	1.968832	150
4493.637570	23.215887	0.011946	1.943381	151
4494.672150	22.921951	0.011923	1.922443	152
4495.717935	22.807663	0.011901	1.916370	153
4496.747626	23.578375	0.011930	1.976464	154
4497.792809	23.032541	0.011942	1.928679	155
4498.820899	24.023727	0.011938	2.012322	156
4499.871211	22.049479	0.011923	1.849304	157
4500.900665	22.591278	0.011944	1.891461	158
4501.946893	22.171820	0.011915	1.860873	159
4502.980411	23.325270	0.011922	1.956433	160
4504.022258	22.227070	0.011928	1.863359	161
4505.058195	23.464722	0.011940	1.965209	162
4506.096187	21.247757	0.011920	1.782590	163
4507.136238	22.565199	0.011941	1.889727	164
4508.170471	21.244772	0.011945	1.778553	165
4509.213149	22.961563	0.011898	1.929878	166
4510.248959	21.219833	0.011941	1.777111	167
4511.293274	22.680107	0.011923	1.902144	168
4512.323769	21.504330	0.011913	1.805182	169
4513.370361	22.394707	0.011920	1.878725	170
4514.397607	21.612053	0.011924	1.812512	171
4515.444313	23.017508	0.011894	1.935161	172
4516.475487	21.526678	0.011943	1.802517	173
4517.520693	22.958889	0.011922	1.925754	174
4518.555059	21.080246	0.011903	1.771071	175
4519.597101	22.476053	0.011922	1.885209	176
4520.629001	20.616549	0.011937	1.727044	177
4521.672743	22.495726	0.011927	1.886134	178
4522.708966	21.234688	0.011942	1.778145	179
4523.750960	21.953655	0.011935	1.839454	180
4524.787651	20.870987	0.011947	1.746948	181
4525.822911	22.475803	0.011946	1.881449	182
4526.864935	20.806065	0.011939	1.742737	183
4527.897524	21.737442	0.011922	1.823365	184
4528.943286	20.884884	0.011943	1.748760	185
4529.973377	22.112524	0.011909	1.856780	186
4531.021373	20.807072	0.011932	1.743862	187
4532.047611	22.007053	0.011937	1.843664	188
4533.096989	21.229086	0.011919	1.781089	189
4534.126506	21.725235	0.011921	1.822455	190
4535.173979	21.120848	0.011903	1.774421	191
4536.207691	20.472555	0.011917	1.717941	192
4537.247458	21.212801	0.011934	1.777536	193
4538.283204	20.845339	0.011938	1.746172	194
4539.321392	20.945044	0.011945	1.753489	195
4540.363054	20.951632	0.011917	1.758085	196
4541.395832	21.311880	0.011940	1.784866	197
4542.441447	20.623051	0.011929	1.728758	198
4543.469305	20.540621	0.011940	1.720386	199
4544.515692	21.510019	0.011945	1.800758	200
4545.549241	19.683939	0.011923	1.650965	201
4546.596610	20.755869	0.011921	1.741103	202
4547.622847	20.476683	0.011884	1.723069	203
4548.670970	21.269209	0.011916	1.784880	204
4549.698821	20.317726	0.011936	1.702276	205
4550.749201	20.340981	0.011923	1.705979	206
4551.777480	19.535351	0.011931	1.637316	207
4552.824869	56.961258	0.011915	4.780792	208
4553.851344	20.379023	0.011915	1.710404	209
4554.901208	20.980314	0.011902	1.762753	210
4555.930376	19.986504	0.011929	1.675505	211
4556.978311	20.337921	0.011944	1.702828	212
4558.008673	19.006151	0.011923	1.594095	213
4559.054945	20.356153	0.011938	1.705161	214
4560.082330	20.135233	0.011900	1.692082	215
4561.131385	20.032368	0.011917	1.681012	216
4562.157738	20.257296	0.011938	1.696847	217
4563.206503	20.000591	0.011938	1.675403	218
4564.236429	19.573990	0.011936	1.639867	219
4565.280829	20.100147	0.011912	1.687443	220
4566.314807	19.853771	0.011913	1.666631	221
4567.356537	19.884798	0.011912	1.669262	222
4568.394507	19.638992	0.011941	1.644689	223
4569.431858	18.924635	0.011912	1.588647	224
4570.471395	19.871799	0.011942	1.664088	225
4571.499966	20.406101	0.011941	1.708925	226
4572.550388	19.587318	0.011920	1.643170	227
4573.579640	19.599119	0.011914	1.645033	228
4574.628175	19.398642	0.011920	1.627350	229
4575.656745	19.207268	0.011922	1.611137	230
4576.704905	18.940653	0.011923	1.588577	231
4577.733479	19.734509	0.011940	1.652825	232
4578.778698	19.237936	0.011917	1.614390	233
4579.810869	19.441271	0.011906	1.632853	234
4580.855307	18.437895	0.011898	1.549615	235
4581.888376	19.238525	0.011935	1.612005	236
4582.929949	18.648022	0.011920	1.564489	237
4583.965631	28.388721	0.011913	2.383069	238
4585.006058	18.392298	0.011922	1.542708	239
4586.041784	19.887743	0.011946	1.664837	240
4587.080176	18.748503	0.011933	1.571182	241
4588.119901	18.911894	0.011918	1.586839	242
4589.157063	18.674627	0.011932	1.565086	243
4590.196536	19.288342	0.011920	1.618137	244
4591.235008	18.257172	0.011937	1.529506	245
4592.272336	18.910965	0.011895	1.589772	246
4593.308508	18.694386	0.011941	1.565502	247
4594.347945	19.071091	0.011893	1.603508	248
4595.386854	18.470907	0.011913	1.550503	249
4596.424092	18.305252	0.011915	1.536278	250
4597.465856	18.013662	0.011916	1.511738	251
4598.499869	18.981356	0.011921	1.592316	252
4599.542721	18.016804	0.011912	1.512532	253
4600.574015	18.579613	0.011936	1.556614	254
4601.620910	17.756321	0.011898	1.492410	255
4602.649460	18.576742	0.011914	1.559287	0
4603.697610	18.175798	0.011933	1.523146	1
4604.724776	18.596304	0.011935	1.558119	2
4605.772692	18.431093	0.011911	1.547386	3
4606.802242	17.921642	0.011913	1.504334	4
4607.848974	18.626041	0.011935	1.560678	5
4608.878337	18.497063	0.011931	1.550305	6
4609.923896	17.049686	0.011916	1.430819	7
4610.957114	18.692387	0.011918	1.568449	8
4611.999540	17.981991	0.011938	1.506274	9
4613.036985	17.684328	0.011911	1.484732	10
4614.075275	17.561180	0.011919	1.473333	11
4615.113299	18.123457	0.011939	1.517949	12
4616.147774	18.094965	0.011913	1.518945	13
4617.191116	18.118494	0.011915	1.520637	14
4618.224371	17.193108	0.011910	1.443645	15
4619.269455	17.953083	0.011915	1.506771	16
4620.299233	17.617704	0.011914	1.478759	17
4621.345323	18.420105	0.011930	1.544015	18
4622.373235	18.043489	0.011932	1.512230	19
4623.421773	18.271324	0.011911	1.533990	20
4624.450535	17.265635	0.011931	1.447181	21
4625.498559	18.122101	0.011938	1.518047	22
4626.527350	17.191992	0.011882	1.446905	23
4627.574565	17.911880	0.011918	1.502972	24
4628.603112	17.479900	0.011916	1.466951	25
4629.650936	18.161121	0.011911	1.524759	26
4630.679753	17.459707	0.011937	1.462664	27
4631.726455	17.891623	0.011926	1.500282	28
4632.754801	17.430016	0.011923	1.461892	29
4633.804287	17.513893	0.011895	1.472382	30
4634.831768	17.605701	0.011915	1.477602	31
4635.878204	17.795439	0.011918	1.493123	32
4636.909016	17.401257	0.011924	1.459315	33
4637.952017	17.652874	0.011927	1.480071	34
4638.986752	17.209164	0.011921	1.443656	35
4640.028746	17.417479	0.011916	1.461702	36
4641.065866	17.241726	0.011915	1.447050	37
4642.102057	17.736917	0.011958	1.483279	38
4643.143092	17.557186	0.011916	1.473356	39
4644.178198	16.881569	0.011911	1.417315	40
4645.222233	16.619593	0.011912	1.395217	41
4646.249009	17.761904	0.011919	1.490252	42
4647.299936	17.144276	0.011895	1.441304	43
4648.328204	17.125544	0.011954	1.432570	44
4649.376550	17.035736	0.011914	1.429872	45
4650.404261	16.904257	0.011947	1.414946	46
4651.451611	17.334270	0.011927	1.453335	47
4652.479891	17.360367	0.011907	1.457951	48
4653.527945	16.936483	0.011884	1.425131	49
4654.557725	16.761999	0.011908	1.407633	50
4655.603888	16.707369	0.011919	1.401710	51
4656.633458	16.884035	0.011922	1.416246	52
4657.680081	16.418022	0.011940	1.375030	53
4658.710908	17.090773	0.011932	1.432328	54
4659.755258	16.483446	0.011892	1.386048	55
4660.788464	16.657269	0.011904	1.399256	56
4661.831577	16.370729	0.011910	1.374503	57
4662.864429	16.622189	0.011902	1.396605	58
4663.906641	16.653629	0.011884	1.401350	59
4664.938796	17.079193	0.011911	1.433929	60
4665.982188	16.622589	0.011908	1.395900	61
4667.015894	16.485714	0.011918	1.383305	62
4668.060783	14.539727	0.011917	1.220129	63
4669.091145	16.788815	0.011932	1.407026	64
4670.136743	16.369230	0.011893	1.376414	65
4671.166838	17.041533	0.011901	1.431975	66
4672.214015	16.602556	0.011936	1.391005	67
4673.242518	16.579645	0.011909	1.392191	68
4674.289089	16.533142	0.011932	1.385587	69
4675.317337	16.774555	0.011931	1.405976	70
4676.367670	16.213089	0.011911	1.361241	71
4677.393753	16.379066	0.011937	1.372182	72
4678.441392	16.844143	0.011906	1.414805	73
4679.470331	16.642204	0.011893	1.399293	74
4680.518420	16.930407	0.011914	1.421004	75
4681.548357	16.089207	0.011894	1.352679	76
4682.595473	16.009287	0.011905	1.344722	77
4683.625550	16.384718	0.011931	1.373291	78
4684.667576	16.397902	0.011930	1.374534	79
4685.703690	16.352085	0.011932	1.370399	80
4686.742962	16.149275	0.011908	1.356169	81
4687.782721	15.954247	0.011938	1.336385	82
4688.817069	20.926542	0.011935	1.753374	83
4689.858838	16.663383	0.011930	1.396806	84
4690.892538	16.120390	0.011890	1.355740	85
4691.936410	16.321812	0.011928	1.368322	86
4692.966436	16.152864	0.011918	1.355319	87
4694.012807	16.627512	0.011909	1.396205	88
4695.044622	15.674928	0.011938	1.312989	89
4696.089990	16.198662	0.011930	1.357754	90
4697.119805	15.586402	0.011931	1.306406	91
4698.166323	16.135029	0.011902	1.355709	92
4699.194771	15.735497	0.011942	1.317680	93
4700.240848	16.522173	0.011933	1.384557	94
4701.271792	15.819953	0.011937	1.325318	95
4702.318515	15.856771	0.011915	1.330880	96
4703.348119	15.477878	0.011905	1.300080	97
4704.394159	16.229670	0.011922	1.361359	98
4705.423661	15.833631	0.011931	1.327052	99
4706.470252	16.146269	0.011910	1.355705	100
4707.502039	15.642373	0.011890	1.315599	101
4708.544989	16.060457	0.011903	1.349275	102
4709.578413	15.981416	0.011911	1.341689	103
4710.620160	16.116602	0.011906	1.353666	104
4711.651773	16.513748	0.011914	1.386114	105
4712.694823	15.869926	0.011932	1.329981	106
4713.734230	53.896896	0.011916	4.523164	107
4714.770054	15.626770	0.011941	1.308715	108
4715.802918	17.810333	0.011935	1.492233	109
4716.844342	15.868403	0.011914	1.331966	110
4717.887913	16.004869	0.011926	1.341984	111
4718.919835	15.218390	0.011908	1.278047	112
4719.965487	15.616851	0.011939	1.308019	113
4720.996631	15.208599	0.011928	1.275036	114
4722.042169	15.811618	0.011931	1.325267	115
4723.071339	15.468365	0.011926	1.297015	116
4724.119909	15.570051	0.011907	1.307606	117
4725.146596	15.455925	0.011879	1.301076	118
4726.194893	15.606099	0.011891	1.312395	119
4727.222774	15.488245	0.011928	1.298518	120
4728.270652	15.499142	0.011952	1.296785	121
4729.299351	15.345756	0.011935	1.285784	122
4730.346979	15.474081	0.011927	1.297422	123
4731.376582	15.559169	0.011886	1.308990	124
4732.424657	15.158867	0.011923	1.271418	125
4733.452658	15.359686	0.011928	1.287737	126
4734.499363	15.416799	0.011905	1.295037	127
4735.528811	15.433672	0.011906	1.296332	128
4736.574836	14.568150	0.011908	1.223380	129
4737.603709	15.471508	0.011931	1.296704	130
4738.651502	15.354596	0.011909	1.289364	131
4739.681675	15.190550	0.011927	1.273608	132
4740.729129	14.910869	0.011899	1.253070	133
4741.756677	15.333064	0.011895	1.288981	134
4742.805141	15.273917	0.011906	1.282831	135
4743.834277	14.754541	0.011907	1.239180	136
4744.880336	15.424229	0.011926	1.293296	137
4745.909259	14.935145	0.011905	1.254490	138
4746.957561	15.275034	0.011923	1.281147	139
4747.987453	14.481105	0.011923	1.214534	140
4749.032636	15.579618	0.011916	1.307439	141
4750.061212	14.898702	0.011925	1.249389	142
4751.108549	15.479523	0.011908	1.299926	143
4752.137847	15.167200	0.011914	1.273054	144
4753.183056	15.198662	0.011930	1.273968	145
4754.215170	14.088962	0.011916	1.182396	146
4755.258148	15.176244	0.011926	1.272546	147
4756.292660	15.181923	0.011908	1.274926	148
4757.333566	15.221301	0.011907	1.278340	149
4758.370678	14.570572	0.011890	1.225422	150
4759.408642	14.907618	0.011901	1.252676	151
4760.447730	15.321999	0.011914	1.286059	152
4761.484334	14.704471	0.011923	1.233321	153
4762.525055	15.115606	0.011934	1.266624	154
4763.558386	14.812651	0.011910	1.243751	155
4764.600368	15.360625	0.011913	1.289421	156
4765.632972	14.933305	0.011893	1.255648	157
4766.679007	14.802843	0.011905	1.243421	158
4767.709824	14.757245	0.011928	1.237193	159
4768.755155	32.143360	0.011913	2.698235	160
4769.785724	14.753009	0.011934	1.236228	161
4770.831267	15.150258	0.011910	1.272012	162
4771.860754	14.610683	0.011916	1.226112	163
4772.905927	15.132382	0.011930	1.268402	164
4773.938665	14.727215	0.011877	1.240028	165
4774.982238	15.070853	0.011931	1.263157	166
4776.013711	14.801839	0.011915	1.242283	167
4777.057937	15.020374	0.011933	1.258740	168
4778.091547	14.621656	0.011906	1.228063	169
4779.132949	15.009622	0.011902	1.261119	170
4780.167253	14.865840	0.011924	1.246716	171
4781.209520	14.489059	0.011920	1.215558	172
4782.246094	14.595275	0.011933	1.223076	173
