time (s)	energy (uJ)	charge (mC)	voltage (mV)	crossing#mod 255
1766.054159	13.838642	0.012118	1.141945	117
1767.141587	12.774159	0.012123	1.053685	118
1768.105718	16.591806	0.012105	1.370618	119
1769.218712	14.589117	0.012135	1.202257	120
1770.184754	12.959703	0.012126	1.068753	121
1771.290828	13.426846	0.012127	1.107221	122
1772.240381	15.714909	0.012115	1.297146	123
1773.351934	16.349831	0.012129	1.348025	124
1774.324674	13.312549	0.012129	1.097568	125
1775.414277	14.982308	0.012156	1.232455	126
1776.395370	15.144776	0.012151	1.246348	127
1777.477988	14.567028	0.012149	1.199062	128
1778.468662	13.782521	0.012122	1.137000	129
1779.555020	13.440473	0.012137	1.107373	130
1780.530037	15.209023	0.012132	1.253621	131
1781.635503	13.749198	0.012128	1.133718	132
1782.597943	14.454327	0.012136	1.191045	133
1783.698845	14.811338	0.012131	1.220919	134
1784.661800	14.500591	0.012143	1.194146	135
1785.774305	13.522220	0.012127	1.115066	136
1786.736244	14.007248	0.012123	1.155461	137
1787.843858	14.084667	0.012150	1.159258	138
1788.798285	14.322173	0.012119	1.181782	139
1789.910625	15.237491	0.012145	1.254648	140
1790.873981	13.768597	0.012122	1.135822	141
1791.983673	13.197195	0.012121	1.088785	142
1792.945891	13.389428	0.012147	1.102265	143
1794.049227	14.819692	0.012140	1.220722	144
1795.008556	14.112982	0.012116	1.164779	145
1796.118502	13.979266	0.012122	1.153175	146
1797.084248	13.899915	0.012134	1.145495	147
1798.186960	13.825336	0.012133	1.139450	148
1799.153484	14.778413	0.012146	1.216702	149
1800.250576	13.673320	0.012104	1.129632	150
1801.227521	13.037793	0.012124	1.075411	151
1802.314957	14.170851	0.012145	1.166831	152
1803.300048	14.031203	0.012130	1.156709	153
1804.384560	14.564840	0.012146	1.199178	154
1805.369803	13.699425	0.012143	1.128141	155
1806.453938	14.833384	0.012147	1.221204	156
1807.434448	13.748614	0.012117	1.134618	157
1808.528717	14.694504	0.012120	1.212460	158
1809.499772	12.697597	0.012138	1.046124	159
1810.604796	13.395798	0.012150	1.102509	160
1811.566560	13.749996	0.012140	1.132627	161
1812.670968	13.541841	0.012146	1.114958	162
1813.639737	13.345032	0.012122	1.100875	163
1814.736943	13.598241	0.012142	1.119919	164
1815.713075	14.230707	0.012123	1.173900	165
1816.800344	14.142352	0.012181	1.160989	166
1817.789255	27.777067	0.012130	2.289992	167
1818.868456	13.804653	0.012140	1.137160	168
1819.856097	13.438869	0.012100	1.110687	169
1820.939360	13.889918	0.012150	1.143202	170
1821.921547	12.721138	0.012124	1.049244	171
1823.011373	14.356791	0.012122	1.184383	172
1823.987514	12.937726	0.012116	1.067800	173
1825.083811	14.264704	0.012126	1.176334	174
1826.052562	12.682807	0.012127	1.045871	175
1827.157440	13.372705	0.012145	1.101118	176
1828.121048	12.878186	0.012126	1.062055	177
1829.225099	13.779514	0.012127	1.136237	178
1830.189722	12.996514	0.012125	1.071871	179
1831.293162	14.078843	0.012130	1.160704	180
1832.260606	12.158771	0.012141	1.001479	181
1833.362962	13.464260	0.012145	1.108580	182
1834.331547	21.471003	0.012141	1.768438	183
1835.429729	13.564656	0.012126	1.118673	184
1836.399696	12.626334	0.012115	1.042249	185
1837.497880	13.668680	0.012102	1.129462	186
1838.471513	12.522960	0.012125	1.032835	187
1839.564381	13.839813	0.012124	1.141502	188
1840.545081	12.565130	0.012117	1.036972	189
1841.628794	13.076705	0.012123	1.078706	190
1842.614115	13.222408	0.012113	1.091562	191
1843.697073	13.205534	0.012113	1.090227	192
1844.685947	12.635191	0.012143	1.040555	193
1845.766660	12.619680	0.012112	1.041937	194
1846.751922	13.053328	0.012136	1.075608	195
1847.842250	12.675365	0.012122	1.045678	196
1848.815211	13.241401	0.012121	1.092410	197
1849.913902	13.259484	0.012121	1.093889	198
1850.880166	13.010494	0.012114	1.074019	199
1851.984051	13.243075	0.012117	1.092888	200
1852.951586	12.745975	0.012133	1.050506	201
1854.051489	13.553921	0.012146	1.115938	202
1855.022988	12.002146	0.012122	0.990146	203
1856.114963	13.743574	0.012121	1.133885	204
1857.097877	12.017303	0.012119	0.991588	205
1858.181542	13.488424	0.012115	1.113361	206
1859.168135	12.493198	0.012127	1.030176	207
1860.248006	13.552282	0.012122	1.118004	208
1861.238986	12.508109	0.012134	1.030792	209
1862.317697	12.996452	0.012123	1.072059	210
1863.298420	13.573961	0.012120	1.119979	211
1864.386835	13.043521	0.012121	1.076123	212
1865.374701	13.031062	0.012133	1.074040	213
1866.459603	12.758447	0.012119	1.052806	214
1867.442925	12.445316	0.012125	1.026400	215
1868.529472	13.090848	0.012114	1.080624	216
1869.509843	12.720801	0.012118	1.049711	217
1870.601143	12.471331	0.012116	1.029359	218
1871.578235	12.850689	0.012117	1.060560	219
1872.667583	12.721793	0.012142	1.047767	220
1873.648657	12.494677	0.012114	1.031448	221
1874.734117	12.914601	0.012113	1.066181	222
1875.715704	12.969236	0.012144	1.067984	223
1876.801788	12.912592	0.012133	1.064217	224
1877.788211	12.605214	0.012095	1.042167	225
1878.870167	12.670748	0.012140	1.043703	226
1879.859770	12.184426	0.012120	1.005327	227
1880.939786	12.586759	0.012121	1.038391	228
1881.928920	11.406844	0.012115	0.941553	229
1883.006449	13.127515	0.012115	1.083562	230
1883.996171	12.052203	0.012138	0.992962	231
1885.078323	13.143270	0.012109	1.085414	232
1886.059050	11.791351	0.012146	0.970809	233
1887.151478	13.042939	0.012117	1.076382	234
1888.125124	11.698785	0.012130	0.964424	235
1889.223161	12.808079	0.012117	1.057030	236
1890.195623	11.622317	0.012108	0.959850	237
1891.294452	12.273069	0.012120	1.012647	238
1892.263528	12.076236	0.012109	0.997264	239
1893.361176	12.349457	0.012116	1.019241	240
1894.335727	12.308899	0.012142	1.013736	241
1895.425320	12.350123	0.012133	1.017927	242
1896.405412	12.294909	0.012141	1.012702	243
1897.490434	12.503765	0.012113	1.032287	244
1898.476351	12.384038	0.012096	1.023822	245
1899.557805	12.443771	0.012124	1.026389	246
1900.548584	11.905573	0.012118	0.982441	247
1901.624632	12.805277	0.012115	1.057002	248
1902.617933	11.842160	0.012122	0.976947	249
1903.695025	12.565411	0.012115	1.037141	250
1904.686038	11.810150	0.012096	0.976404	251
1905.765737	12.561952	0.012101	1.038106	252
1906.751737	11.600924	0.012166	0.953553	253
1907.835055	12.629246	0.012119	1.042100	254
1908.818638	11.871641	0.012129	0.978821	255
1909.898149	13.455018	0.012114	1.110741	0
1910.889858	11.597095	0.012120	0.956836	1
1911.971011	11.980042	0.012117	0.988691	2
1912.959165	11.492656	0.012108	0.949154	3
1914.037363	12.916389	0.012118	1.065845	4
1915.027856	11.859849	0.012111	0.979288	5
1916.110855	12.285915	0.012143	1.011768	6
1917.098543	11.391403	0.012139	0.938379	7
1918.175614	12.311287	0.012102	1.017329	8
1919.167216	11.741510	0.012118	0.968954	9
1920.244733	12.092126	0.012093	0.999894	10
1921.236163	11.758773	0.012097	0.972027	11
1922.315946	11.756117	0.012095	0.971988	12
1923.303018	11.638321	0.012113	0.960779	13
1924.385919	11.920192	0.012132	0.982549	14
1925.368158	11.976583	0.012113	0.988719	15
1926.457693	12.017415	0.012119	0.991585	16
1927.434321	11.855489	0.012089	0.980694	17
1928.531222	11.772758	0.012138	0.969929	18
1929.500887	11.546253	0.012110	0.953441	19
1930.597368	12.503071	0.012119	1.031665	20
1931.569342	11.317258	0.012111	0.934487	21
1932.665508	12.733413	0.012126	1.050055	22
1933.640808	10.849546	0.012142	0.893586	23
1934.733379	12.942106	0.012123	1.067588	24
1935.710414	11.061081	0.012117	0.912841	25
1936.798914	12.534781	0.012121	1.034165	26
1937.783177	10.930995	0.012131	0.901104	27
1938.863848	12.399688	0.012116	1.023383	28
1939.854988	11.248690	0.012095	0.929996	29
1940.930801	12.784352	0.012118	1.055004	30
1941.923264	11.542782	0.012109	0.953239	31
1943.000392	11.934724	0.012125	0.984327	32
1943.993514	11.066663	0.012116	0.913421	33
1945.069230	11.927741	0.012109	0.985009	34
1946.062706	11.213310	0.012134	0.924097	35
1947.137602	12.088377	0.012142	0.995589	36
1948.128482	11.389037	0.012113	0.940230	37
1949.206545	11.803498	0.012122	0.973722	38
1950.196538	11.592988	0.012117	0.956738	39
1951.274150	11.389687	0.012109	0.940625	40
1952.266605	11.304037	0.012111	0.933341	41
1953.344001	11.836317	0.012131	0.975727	42
1954.337392	11.249784	0.012121	0.928087	43
1955.411541	11.866742	0.012112	0.979770	44
1956.403089	11.656581	0.012096	0.963663	45
1957.481053	11.887038	0.012133	0.979737	46
1958.476327	11.010109	0.012101	0.909847	47
1959.549224	11.922688	0.012130	0.982912	48
1960.542689	11.057992	0.012132	0.911441	49
1961.619436	11.908024	0.012114	0.982989	50
1962.608142	10.933615	0.012139	0.900684	51
1963.689132	11.992229	0.012133	0.988387	52
1964.675995	16.308098	0.012131	1.344278	53
1965.761010	11.937258	0.012120	0.984950	54
1966.742146	10.907436	0.012108	0.900851	55
1967.831667	11.930435	0.012142	0.982552	56
1968.808043	10.895889	0.012106	0.900046	57
1969.901717	11.865130	0.012133	0.977938	58
1970.874902	9.631294	0.012145	0.793050	59
1971.970941	11.840400	0.012128	0.976253	60
1972.944602	10.847859	0.012124	0.894757	61
1974.038882	11.920471	0.012102	0.984970	62
1975.017304	10.457228	0.012114	0.863255	63
1976.106850	11.661025	0.012136	0.960855	64
1977.084783	10.989554	0.012115	0.907116	65
1978.177492	11.140869	0.012120	0.919218	66
1979.155697	11.265221	0.012116	0.929801	67
1980.240949	11.538223	0.012131	0.951143	68
1981.226197	11.291825	0.012111	0.932344	69
1982.309948	11.160356	0.012116	0.921100	70
1983.295643	10.971132	0.012126	0.904756	71
1984.373781	10.910172	0.012115	0.900557	72
1985.365820	11.090030	0.012133	0.914005	73
1986.443145	11.246102	0.012128	0.927285	74
1987.433460	11.603727	0.012117	0.957632	75
1988.508954	11.880189	0.012144	0.978241	76
1989.503303	11.198090	0.012105	0.925074	77
1990.576177	12.326303	0.012108	1.018034	78
1991.573556	30.570633	0.012121	2.522138	79
1992.647129	11.338442	0.012109	0.936357	80
1993.641760	10.940992	0.012126	0.902309	81
1994.715663	11.538778	0.012121	0.951937	82
1995.708467	11.133112	0.012110	0.919349	83
1996.784622	11.426635	0.012134	0.941698	84
1997.778562	10.928345	0.012128	0.901117	85
1998.852513	11.347660	0.012129	0.935581	86
1999.845682	10.857490	0.012109	0.896651	87
2000.922372	11.257690	0.012136	0.927602	88
2001.915107	10.730319	0.012143	0.883675	89
2002.990085	11.497234	0.012119	0.948688	90
2003.981719	11.066194	0.012106	0.914095	91
2005.061447	11.253921	0.012090	0.930817	92
2006.048580	10.817099	0.012123	0.892268	93
2007.132221	11.233918	0.012114	0.927355	94
2008.115060	10.878028	0.012109	0.898349	95
2009.203673	11.087682	0.012107	0.915829	96
2010.181358	10.962549	0.012121	0.904412	97
2011.271788	11.412460	0.012120	0.941630	98
2012.248953	10.576348	0.012103	0.873876	99
2013.341237	11.580612	0.012136	0.954237	100
2014.317086	10.366668	0.012113	0.855829	101
2015.411307	11.666586	0.012106	0.963733	102
2016.387135	10.225593	0.012132	0.842845	103
2017.478270	11.734488	0.012120	0.968203	104
2018.456249	10.143582	0.012113	0.837444	105
2019.545775	11.619098	0.012101	0.960145	106
2020.526589	9.945463	0.012130	0.819882	107
2021.611917	11.703216	0.012108	0.966562	108
2022.594481	10.322129	0.012110	0.852347	109
2023.678118	11.765745	0.012089	0.973280	110
2024.667227	10.323900	0.012107	0.852705	111
2025.745024	11.710464	0.012111	0.966913	112
2026.737820	10.541908	0.012107	0.870717	113
2027.812409	11.589748	0.012100	0.957799	114
2028.806761	10.394300	0.012102	0.858892	115
2029.881118	11.385046	0.012108	0.940258	116
2030.874389	10.686633	0.012104	0.882934	117
2031.948309	11.415905	0.012111	0.942592	118
2032.944901	10.414858	0.012127	0.858821	119
2034.016048	11.391462	0.012135	0.938705	120
2035.013938	10.225336	0.012135	0.842654	121
2036.086398	10.691057	0.012102	0.883384	122
2037.080296	10.714324	0.012141	0.882484	123
2038.154372	11.126618	0.012132	0.917133	124
2039.150080	10.441140	0.012114	0.861937	125
2040.224422	10.752015	0.012093	0.889127	126
2041.219097	10.337143	0.012149	0.850879	127
2042.292489	11.022763	0.012111	0.910138	128
2043.288502	10.048899	0.012105	0.830156	129
2044.360403	11.165306	0.012104	0.922475	130
2045.356760	10.065437	0.012124	0.830190	131
2046.428008	11.274321	0.012090	0.932540	132
2047.423999	10.330359	0.012127	0.851861	133
2048.497548	11.479810	0.012118	0.947365	134
2049.490952	10.242828	0.012132	0.844314	135
2050.568403	11.437756	0.012137	0.942397	136
2051.558470	10.181424	0.012104	0.841173	137
2052.638451	11.200995	0.012097	0.925905	138
2053.625812	9.944305	0.012106	0.821416	139
2054.708076	11.353175	0.012103	0.938059	140
2055.692074	9.899545	0.012100	0.818138	141
2056.778215	11.279375	0.012088	0.933085	142
2057.758948	9.914631	0.012088	0.820186	143
2058.848597	11.263587	0.012141	0.927732	144
2059.827133	10.013608	0.012109	0.826927	145
2060.916715	11.224337	0.012115	0.926508	146
2061.894670	10.122967	0.012077	0.838211	147
2062.983793	11.364081	0.012101	0.939126	148
2063.963172	10.266494	0.012108	0.847890	149
2065.055180	10.920312	0.012137	0.899768	150
2066.030517	10.388316	0.012096	0.858838	151
2067.121799	11.041311	0.012102	0.912332	152
2068.102722	9.974196	0.012133	0.822062	153
