time (s)	coil I (A)	last det (V)	int current (uC)
2043.637874	0.436769	60.058594	-159.277344
2043.641874	1.026118	60.058594	-159.277344
2043.643877	1.295258	60.058594	-159.277344
2043.647874	1.468772	60.058594	-159.277344
2043.649876	1.465729	60.058594	-159.277344
2043.651878	1.463826	16.102081	0.181612
2044.676804	0.410783	135.449219	225.488281
2044.678806	0.712338	135.449219	225.488281
2044.680806	1.001945	135.449219	225.488281
2044.682806	1.272775	135.449219	225.488281
2044.684805	1.462295	135.449219	225.488281
2044.686806	1.463730	135.449219	225.488281
2044.688807	1.465535	16.120888	0.205241
2045.715290	0.354375	-32.324219	-153.417969
2045.717292	0.657743	-32.324219	-153.417969
2045.719292	0.950199	-32.324219	-153.417969
2045.721292	1.224840	-32.324219	-153.417969
2045.723293	1.445451	-32.324219	-153.417969
2045.725291	1.468962	-32.324219	-153.417969
2045.727294	1.465571	16.121277	0.170303
2046.757377	1.130376	132.421875	222.656250
2046.759383	1.387507	132.421875	222.656250
2046.761382	1.472126	132.421875	222.656250
2046.765380	1.465580	16.121382	0.182514
2047.791933	0.448724	2.050781	-154.882812
2047.793935	0.749196	2.050781	-154.882812
2047.795935	1.037002	2.050781	-154.882812
2047.797938	1.305301	2.050781	-154.882812
2047.799936	1.469969	2.050781	-154.882812
2047.801938	1.469932	2.050781	-154.882812
2047.803941	1.466935	16.136290	0.146870
2048.829994	0.462678	122.558594	223.632812
2048.831996	0.762816	122.558594	223.632812
2048.834004	1.049873	122.558594	223.632812
2048.836003	1.318372	122.558594	223.632812
2048.838002	1.470812	122.558594	223.632812
2048.840004	1.468935	16.158285	0.178130
2049.868051	0.243802	67.382812	-156.542969
2049.870053	0.551184	67.382812	-156.542969
2049.872052	0.848807	67.382812	-156.542969
2049.874053	1.130758	67.382812	-156.542969
2049.876052	1.387652	67.382812	-156.542969
2049.878052	1.471641	67.382812	-156.542969
2049.880052	1.467452	16.141970	0.180032
2050.910109	0.538249	124.218750	222.070312
2050.912110	0.836237	124.218750	222.070312
2050.914109	1.119232	124.218750	222.070312
2050.916109	1.129963	124.218750	222.070312
2050.918109	1.472188	124.218750	222.070312
2050.920111	1.467971	16.147678	0.225630
2051.946172	0.248537	-43.652344	-151.367187
2051.948175	0.555612	-43.652344	-151.367187
2051.950175	0.853173	-43.652344	-151.367187
2051.952173	1.134837	-43.652344	-151.367187
2051.954173	1.390753	-43.652344	-151.367187
2051.956173	1.470972	-43.652344	-151.367187
2051.958174	1.466878	16.135660	0.163486
2052.986183	0.584340	135.449219	224.218750
2052.990181	1.160176	135.449219	224.218750
2052.992184	1.408989	135.449219	224.218750
2052.994185	1.470177	135.449219	224.218750
2052.996183	1.466237	16.128605	0.176920
2054.022766	0.491826	-30.078125	-155.175781
2054.024766	0.791097	-30.078125	-155.175781
2054.026766	1.076718	-30.078125	-155.175781
2054.028767	1.341951	-30.078125	-155.175781
2054.030767	1.471582	-30.078125	-155.175781
2054.032767	1.468202	16.150221	0.151441
2055.062814	0.499270	128.027344	224.707031
2055.064816	0.798304	128.027344	224.707031
2055.066816	1.083545	128.027344	224.707031
2055.068816	1.347965	128.027344	224.707031
2055.070817	1.471856	128.027344	224.707031
2055.072815	1.468171	16.149876	0.170446
2056.100815	0.409806	-35.351562	-154.687500
2056.102817	0.711363	-35.351562	-154.687500
2056.104817	1.001002	-35.351562	-154.687500
2056.106816	1.271947	-35.351562	-154.687500
2056.108825	1.461807	-35.351562	-154.687500
2056.110828	1.468229	-35.351562	-154.687500
2056.112830	1.465133	16.116465	0.165240
2057.140867	0.418449	124.023437	222.070312
2057.142865	0.719737	124.023437	222.070312
2057.144865	1.008880	124.023437	222.070312
2057.146863	1.279273	124.023437	222.070312
2057.148866	1.463366	124.023437	222.070312
2057.150865	1.467865	124.023437	222.070312
2057.152864	1.464853	16.113380	0.183833
2058.178935	0.397478	3.710937	-156.835937
2058.180934	0.699363	3.710937	-156.835937
2058.182939	0.990198	3.710937	-156.835937
2058.184938	1.261937	3.710937	-156.835937
2058.186938	1.459383	3.710937	-156.835937
2058.188939	1.468963	3.710937	-156.835937
2058.190940	1.465742	16.123165	0.158597
2059.216999	0.415116	124.609375	224.804687
2059.219003	0.716613	124.609375	224.804687
2059.221006	1.005942	124.609375	224.804687
2059.223005	1.277080	124.609375	224.804687
2059.225005	1.463299	124.609375	224.804687
2059.227005	1.468457	124.609375	224.804687
2059.229006	1.465436	16.119797	0.172174
2060.255043	0.622507	-28.320312	-158.496094
2060.257046	0.916669	-28.320312	-158.496094
2060.259045	1.193801	-28.320312	-158.496094
2060.261046	1.429729	-28.320312	-158.496094
2060.263048	1.469202	-28.320312	-158.496094
2060.265046	1.465596	16.121561	0.155804
2061.295094	0.474226	121.972656	224.023437
2061.297093	0.773989	121.972656	224.023437
2061.299094	1.060459	121.972656	224.023437
2061.301095	1.327109	121.972656	224.023437
2061.303096	1.471156	121.972656	224.023437
2061.305093	1.471330	16.184633	0.172332
2062.333161	0.609034	72.167969	-161.230469
2062.335163	0.903860	72.167969	-161.230469
2062.339161	1.422953	72.167969	-161.230469
2062.341162	1.469881	72.167969	-161.230469
2062.343163	1.466152	16.127676	0.164878
2063.373163	0.376598	135.156250	224.023437
2063.377163	0.970401	135.156250	224.023437
2063.379163	1.243587	135.156250	224.023437
2063.381165	1.453192	135.156250	224.023437
2063.383165	1.469028	135.156250	224.023437
2063.385164	1.465809	16.123899	0.191262
2064.410137	0.575844	-12.011719	-160.351562
2064.412139	0.872487	-12.011719	-160.351562
2064.414139	1.152772	-12.011719	-160.351562
2064.416139	1.404026	-12.011719	-160.351562
2064.418140	1.470872	-12.011719	-160.351562
2064.420139	1.466825	16.135075	0.370185
2065.450190	0.447662	120.410156	225.292969
2065.452192	0.748157	120.410156	225.292969
2065.454191	1.035835	120.410156	225.292969
2065.456194	1.304337	120.410156	225.292969
2065.458190	1.469175	120.410156	225.292969
2065.460192	1.469066	120.410156	225.292969
2065.462190	1.466139	16.127533	0.182106
2066.484218	0.359209	-45.703125	-160.156250
2066.486221	0.662375	-45.703125	-160.156250
2066.488219	0.954541	-45.703125	-160.156250
2066.490221	1.228835	-45.703125	-160.156250
2066.492220	1.447323	-45.703125	-160.156250
2066.494219	1.469149	-45.703125	-160.156250
2066.496220	1.465806	16.123865	0.161336
2067.532300	1.058821	136.718750	225.976562
2067.534302	1.325587	136.718750	225.976562
2067.536301	1.469682	136.718750	225.976562
2067.540300	1.464377	16.108143	0.172627
2068.562304	0.320682	-11.914062	-161.718750
2068.564306	0.625045	-11.914062	-161.718750
2068.566305	0.919126	-11.914062	-161.718750
2068.568304	1.195955	-11.914062	-161.718750
2068.570307	1.431194	-11.914062	-161.718750
2068.572306	1.469845	-11.914062	-161.718750
2068.574306	1.466184	16.128029	0.172191
2069.606368	0.434139	124.804687	224.316406
2069.608371	0.735044	124.804687	224.316406
2069.610369	1.023412	124.804687	224.316406
2069.612370	1.292742	124.804687	224.316406
2069.614370	1.466521	124.804687	224.316406
2069.616370	1.468237	124.804687	224.316406
2069.618371	1.465264	16.117899	0.175430
2070.638415	0.251139	-8.105469	-162.792969
2070.640417	0.557903	-8.105469	-162.792969
2070.642418	0.855332	-8.105469	-162.792969
2070.644417	1.136868	-8.105469	-162.792969
2070.646424	1.392341	-8.105469	-162.792969
2070.648428	1.470890	-8.105469	-162.792969
2070.650433	1.466756	16.134314	0.159163
2071.682485	0.388884	128.515625	226.464844
2071.684484	0.691129	128.515625	226.464844
2071.686485	0.981714	128.515625	226.464844
2071.688486	1.254006	128.515625	226.464844
2071.690485	1.456733	128.515625	226.464844
2071.692487	1.468792	128.515625	226.464844
2071.694485	1.465529	16.120815	0.175084
2072.716525	0.492774	-41.601562	-161.816406
2072.718527	0.792010	-41.601562	-161.816406
2072.720526	1.077551	-41.601562	-161.816406
2072.724525	1.471206	-41.601562	-161.816406
2072.726526	1.467832	-41.601562	-161.816406
2072.728525	1.465210	16.117306	0.149160
2073.760549	0.406019	129.492187	224.902344
2073.762551	0.707678	129.492187	224.902344
2073.764550	0.997361	129.492187	224.902344
2073.766551	1.268579	129.492187	224.902344
2073.768550	1.460816	129.492187	224.902344
2073.770551	1.468166	129.492187	224.902344
2073.772551	1.465052	16.115570	0.174359
2074.794632	0.475659	28.515625	-164.453125
2074.796634	0.775320	28.515625	-164.453125
2074.798634	1.061691	28.515625	-164.453125
2074.800636	1.328311	28.515625	-164.453125
2074.802634	1.471147	28.515625	-164.453125
2074.804634	1.468496	16.153456	0.156482
2075.841164	0.839690	117.968750	223.339844
2075.843167	1.122383	117.968750	223.339844
2075.845166	1.381098	117.968750	223.339844
2075.847166	1.472103	117.968750	223.339844
2075.849165	1.468009	16.148094	0.234502
2076.871265	0.411528	33.789062	-164.550781
2076.873266	0.712988	33.789062	-164.550781
2076.875267	1.002540	33.789062	-164.550781
2076.877266	1.273325	33.789062	-164.550781
2076.879266	1.461908	33.789062	-164.550781
2076.881265	1.467980	33.789062	-164.550781
2076.883267	1.464841	16.113256	0.160455
2077.913807	0.312260	124.316406	226.269531
2077.915807	0.616845	124.316406	226.269531
2077.917808	0.911359	124.316406	226.269531
2077.919810	1.188800	124.316406	226.269531
2077.921808	1.427156	124.316406	226.269531
2077.923809	1.469871	124.316406	226.269531
2077.925807	1.466120	16.127319	0.174468
2078.947831	0.318177	-58.984375	-159.570312
2078.949833	0.622610	-58.984375	-159.570312
2078.951832	0.916765	-58.984375	-159.570312
2078.953832	1.193812	-58.984375	-159.570312
2078.955831	1.429831	-58.984375	-159.570312
2078.957832	1.469409	-58.984375	-159.570312
2078.959833	1.465796	16.123758	0.164186
2079.993855	0.689905	123.828125	224.414062
2079.995857	0.980591	123.828125	224.414062
2079.997858	1.253059	123.828125	224.414062
2079.999857	1.456452	123.828125	224.414062
2080.001857	1.468848	123.828125	224.414062
2080.003857	1.465659	16.122252	0.173611
2081.027928	0.547887	-59.375000	-158.007812
2081.029928	0.845569	-59.375000	-158.007812
2081.031928	1.127792	-59.375000	-158.007812
2081.033928	1.385592	-59.375000	-158.007812
2081.035928	1.473003	-59.375000	-158.007812
2081.037929	1.468962	16.158577	0.244596
2082.070012	0.552582	121.289062	224.316406
2082.072011	0.850197	121.289062	224.316406
2082.074013	1.132011	121.289062	224.316406
2082.076010	1.388721	121.289062	224.316406
2082.078012	1.392791	121.289062	224.316406
2082.080011	1.467149	16.138638	0.178143
2083.108041	0.977531	30.175781	-162.207031
2083.110042	1.250150	30.175781	-162.207031
2083.112043	1.455178	30.175781	-162.207031
2083.114042	1.468503	30.175781	-162.207031
2083.116044	1.465295	16.118246	0.149814
2084.146584	0.654512	127.441406	225.683594
2084.148586	0.947007	127.441406	225.683594
2084.150587	1.221765	127.441406	225.683594
2084.152586	1.443674	127.441406	225.683594
2084.154588	1.468260	127.441406	225.683594
2084.156586	1.464902	16.113922	0.172879
2085.182618	0.558214	-18.457031	-158.593750
2085.186618	1.137068	-18.457031	-158.593750
2085.188621	1.392449	-18.457031	-158.593750
2085.190622	1.470976	-18.457031	-158.593750
2085.192622	1.466904	16.135942	0.292920
2086.224678	0.751892	121.386719	222.851562
2086.226687	1.039443	121.386719	222.851562
2086.230696	1.469271	121.386719	222.851562
2086.232696	1.468386	121.386719	222.851562
2086.234695	1.465541	16.120949	0.182449
2087.262751	0.805907	-60.156250	-155.175781
2087.264752	1.090708	-60.156250	-155.175781
2087.266751	1.354237	-60.156250	-155.175781
2087.268752	1.472289	-60.156250	-155.175781
2087.270751	1.468507	16.153580	0.151505
2088.298842	0.334998	132.617187	224.804687
2088.300845	0.638792	132.617187	224.804687
2088.302849	0.932675	132.617187	224.804687
2088.304851	1.208675	132.617187	224.804687
2088.306851	1.437496	132.617187	224.804687
2088.310850	1.465155	132.617187	224.804687
2088.312849	1.463012	16.093130	0.175334
2089.337446	0.512813	-56.250000	-154.980469
2089.339449	0.811490	-56.250000	-154.980469
2089.341450	1.096045	-56.250000	-154.980469
2089.343450	1.358765	-56.250000	-154.980469
2089.345449	1.471634	-56.250000	-154.980469
2089.347450	1.467691	16.144602	0.155871
2090.375510	0.354116	123.925781	223.339844
2090.377511	0.657349	123.925781	223.339844
2090.379510	0.949768	123.925781	223.339844
2090.381509	1.224295	123.925781	223.339844
2090.383510	1.445059	123.925781	223.339844
2090.385510	1.468636	123.925781	223.339844
2090.387509	1.465278	16.118059	0.171605
2091.413533	0.265047	51.953125	-158.105469
2091.415534	0.571163	51.953125	-158.105469
2091.417535	0.868030	51.953125	-158.105469
2091.419535	1.148600	51.953125	-158.105469
2091.421536	1.400822	51.953125	-158.105469
2091.423536	1.470266	51.953125	-158.105469
2091.425535	1.466210	16.128313	0.165286
2092.455544	0.670414	119.335937	220.800781
2092.457545	0.962070	119.335937	220.800781
2092.461545	1.450003	119.335937	220.800781
2092.463545	1.468875	119.335937	220.800781
2092.465547	1.465528	16.120808	0.173754
2093.491563	0.276548	-10.449219	-155.761719
2093.495562	0.878429	-10.449219	-155.761719
2093.497566	1.158346	-10.449219	-155.761719
2093.499566	1.407693	-10.449219	-155.761719
2093.501565	1.470076	-10.449219	-155.761719
2093.505564	1.463776	16.101540	0.156463
2094.529650	0.338465	135.839844	223.242187
2094.531651	0.642272	135.839844	223.242187
2094.533652	0.935369	135.839844	223.242187
2094.535655	1.211001	135.839844	223.242187
2094.537659	1.439199	135.839844	223.242187
2094.539663	1.468903	135.839844	223.242187
2094.541664	1.465483	16.120312	0.172444
2095.568605	0.355185	25.292969	-157.617187
2095.570608	0.658345	25.292969	-157.617187
2095.572606	0.950598	25.292969	-157.617187
2095.574606	1.225155	25.292969	-157.617187
2095.576610	1.445304	25.292969	-157.617187
2095.578608	1.468512	25.292969	-157.617187
2095.580606	1.465211	16.117325	0.151208
2096.607190	0.391048	125.585937	221.875000
2096.609191	0.693143	125.585937	221.875000
2096.611192	0.983590	125.585937	221.875000
2096.613191	1.255754	125.585937	221.875000
2096.617190	1.468108	125.585937	221.875000
2096.619192	1.467997	125.585937	221.875000
2096.621192	1.462950	16.092447	0.170991
2097.647270	0.462531	-43.359375	-154.785156
2097.649272	0.762517	-43.359375	-154.785156
2097.651273	1.049496	-43.359375	-154.785156
2097.653271	1.316930	-43.359375	-154.785156
2097.655272	1.469355	-43.359375	-154.785156
2097.657271	1.467468	16.142147	0.150141
2098.685314	0.436503	120.898437	220.312500
2098.687315	0.737292	120.898437	220.312500
2098.689317	1.025590	120.898437	220.312500
2098.691317	1.294647	120.898437	220.312500
2098.693316	1.466363	120.898437	220.312500
2098.695317	1.467574	120.898437	220.312500
2098.697315	1.464742	16.112167	0.171117
2099.725394	0.584745	-63.183594	-154.199219
2099.727394	0.880798	-63.183594	-154.199219
2099.729394	1.160483	-63.183594	-154.199219
2099.731395	1.409323	-63.183594	-154.199219
2099.733396	1.470373	-63.183594	-154.199219
2099.735394	1.466429	16.130714	0.417699
2100.761438	0.293270	123.339844	221.679687
2100.763441	0.598543	123.339844	221.679687
2100.765440	0.893991	123.339844	221.679687
2100.767440	1.172787	123.339844	221.679687
2100.769440	1.417372	123.339844	221.679687
2100.771440	1.470036	123.339844	221.679687
2100.773440	1.466181	16.127995	0.172605
2101.801463	0.492641	40.429687	-159.277344
2101.805464	1.077344	40.429687	-159.277344
2101.807466	1.342352	40.429687	-159.277344
2101.809469	1.471475	40.429687	-159.277344
2101.811467	1.468165	16.149813	0.144112
2102.839448	0.421799	122.753906	221.679687
2102.841451	0.722956	122.753906	221.679687
2102.843449	1.011986	122.753906	221.679687
2102.845451	1.282143	122.753906	221.679687
2102.847448	1.464816	122.753906	221.679687
2102.849451	1.468886	122.753906	221.679687
2102.851450	1.465783	16.123615	0.169483
2103.881470	0.892959	-60.449219	-154.687500
2103.883470	1.171774	-60.449219	-154.687500
2103.885472	1.416735	-60.449219	-154.687500
2103.887471	1.470065	-60.449219	-154.687500
2103.889471	1.466238	16.128624	0.155630
2104.917512	0.418428	125.292969	222.070312
2104.919514	0.719748	125.292969	222.070312
2104.921515	1.008881	125.292969	222.070312
2104.923515	1.279192	125.292969	222.070312
2104.925515	1.463452	125.292969	222.070312
2104.927515	1.468060	125.292969	222.070312
2104.929514	1.465028	16.115303	0.170010
2105.955549	0.470984	-51.757812	-156.542969
2105.957552	0.770826	-51.757812	-156.542969
2105.959552	1.057450	-51.757812	-156.542969
2105.961551	1.324366	-51.757812	-156.542969
2105.963552	1.470106	-51.757812	-156.542969
2105.965551	1.467582	16.143406	0.148394
2106.993635	0.314546	119.335937	222.167969
2106.995638	0.619137	119.335937	222.167969
2106.997635	0.913452	119.335937	222.167969
2106.999637	1.190706	119.335937	222.167969
2107.001637	1.428038	119.335937	222.167969
2107.005636	1.465737	119.335937	222.167969
2107.007639	1.463539	16.098934	0.182528
2108.031706	0.411532	30.078125	-160.839844
2108.033707	0.713010	30.078125	-160.839844
2108.035707	1.002451	30.078125	-160.839844
2108.037706	1.273216	30.078125	-160.839844
2108.039708	1.461894	30.078125	-160.839844
2108.041707	1.467932	30.078125	-160.839844
2108.043705	1.464871	16.113585	0.147830
2109.072676	0.481898	125.292969	223.046875
2109.074676	0.781429	125.292969	223.046875
2109.076678	1.067556	125.292969	223.046875
2109.078676	1.079742	125.292969	223.046875
2109.080678	1.470541	125.292969	223.046875
2109.082677	1.467441	16.141855	0.167221
2110.110708	0.627278	3.710937	-161.035156
2110.112709	0.921221	3.710937	-161.035156
2110.114708	1.197849	3.710937	-161.035156
2110.116709	1.432226	3.710937	-161.035156
2110.118709	1.469721	3.710937	-161.035156
2110.120710	1.466060	16.126665	0.627048
2111.153283	0.876156	123.437500	223.632812
2111.155285	1.156127	123.437500	223.632812
2111.157285	1.406120	123.437500	223.632812
2111.159285	1.470066	123.437500	223.632812
2111.161285	1.466123	16.127357	0.417677
2112.187338	0.641864	57.812500	-163.476562
2112.189339	0.935065	57.812500	-163.476562
2112.191340	1.210696	57.812500	-163.476562
2112.193340	1.438724	57.812500	-163.476562
2112.195340	1.468839	57.812500	-163.476562
2112.197341	1.465455	16.120010	0.149291
2113.227328	0.427927	122.949219	224.414062
2113.229329	0.728933	122.949219	224.414062
2113.231328	1.017600	122.949219	224.414062
2113.233328	1.287271	122.949219	224.414062
2113.235328	1.464969	122.949219	224.414062
2113.239326	1.467561	122.949219	224.414062
2113.241328	1.462610	16.088707	0.168266
2114.263331	0.577224	-64.843750	-159.082031
2114.265334	0.873798	-64.843750	-159.082031
2114.267333	1.153867	-64.843750	-159.082031
2114.269332	1.404655	-64.843750	-159.082031
2114.271333	1.469936	-64.843750	-159.082031
2114.273334	1.465948	16.125433	0.153473
2115.307389	0.764653	128.125000	224.707031
2115.309389	1.051608	128.125000	224.707031
2115.311391	1.318870	128.125000	224.707031
2115.313390	1.469494	128.125000	224.707031
2115.315390	1.467399	16.141384	0.168715
2116.339392	0.328224	-24.609375	-161.914062
2116.341395	0.632236	-24.609375	-161.914062
2116.343396	0.925839	-24.609375	-161.914062
2116.345392	1.202168	-24.609375	-161.914062
2116.347395	1.434246	-24.609375	-161.914062
2116.349395	1.469073	-24.609375	-161.914062
2116.351393	1.465583	16.121410	0.152210
2117.383434	0.478321	135.351562	225.000000
2117.385436	0.777917	135.351562	225.000000
2117.387436	0.790516	135.351562	225.000000
2117.389437	1.330447	135.351562	225.000000
2117.391436	1.471090	135.351562	225.000000
2117.393438	1.468220	16.150425	0.164315
2118.417423	0.536189	-41.406250	-161.328125
2118.419427	0.550929	-41.406250	-161.328125
2118.421428	1.117555	-41.406250	-161.328125
2118.423427	1.377313	-41.406250	-161.328125
2118.425429	1.471933	-41.406250	-161.328125
2118.427428	1.467739	16.145134	0.177941
2119.459484	0.324862	129.101562	225.000000
2119.461485	0.629053	129.101562	225.000000
2119.463485	0.922805	129.101562	225.000000
2119.465484	1.199413	129.101562	225.000000
2119.467485	1.432884	129.101562	225.000000
2119.469484	1.469263	129.101562	225.000000
2119.471485	1.465691	16.122606	0.169716
2120.497516	1.001718	0.878906	-163.867187
2120.499518	1.272558	0.878906	-163.867187
2120.501518	1.461483	0.878906	-163.867187
2120.503518	1.467622	0.878906	-163.867187
2120.505520	1.464545	16.109995	0.148353
2121.538094	0.465526	120.507812	223.144531
2121.540097	0.765517	120.507812	223.144531
2121.542098	1.052342	120.507812	223.144531
2121.544096	1.319542	120.507812	223.144531
2121.546097	1.469723	120.507812	223.144531
2121.548096	1.467741	16.145151	0.164520
2122.572156	0.534686	26.074219	-165.234375
2122.574158	0.832749	26.074219	-165.234375
2122.576157	1.115744	26.074219	-165.234375
2122.578159	1.127543	26.074219	-165.234375
2122.580158	1.471737	26.074219	-165.234375
2122.582158	1.467662	16.144283	0.151510
2123.614676	0.373719	129.785156	224.414062
2123.616676	0.676345	129.785156	224.414062
2123.618678	0.967693	129.785156	224.414062
2123.620679	1.241027	129.785156	224.414062
2123.624675	1.468535	129.785156	224.414062
2123.626677	1.465277	129.785156	224.414062
2123.630675	1.461532	16.076849	0.167665
2124.649245	0.518467	0.976562	-164.355469
2124.651246	0.816952	0.976562	-164.355469
2124.653246	1.101157	0.976562	-164.355469
2124.655244	1.363013	0.976562	-164.355469
2124.659242	1.467522	0.976562	-164.355469
2124.661245	1.464975	16.114727	0.140719
2125.691784	0.439946	127.636719	224.023437
2125.693788	0.740662	127.636719	224.023437
2125.695787	1.028760	127.636719	224.023437
2125.697787	1.297637	127.636719	224.023437
2125.699789	1.467754	127.636719	224.023437
2125.701787	1.468594	127.636719	224.023437
2125.703789	1.465744	16.123182	0.166782
2126.725829	0.370963	-28.710937	-162.988281
2126.727831	0.673707	-28.710937	-162.988281
2126.729830	0.965172	-28.710937	-162.988281
2126.731831	1.238651	-28.710937	-162.988281
2126.733830	1.450840	-28.710937	-162.988281
2126.735830	1.468396	-28.710937	-162.988281
2126.737832	1.465214	16.117350	0.148138
2127.767840	0.283007	124.023437	222.363281
2127.769841	0.588602	124.023437	222.363281
2127.771843	0.884474	124.023437	222.363281
2127.773841	1.163886	124.023437	222.363281
2127.775840	1.411383	124.023437	222.363281
2127.777840	1.469686	124.023437	222.363281
2127.779844	1.469546	16.165003	0.172379
2128.803896	1.516290	32.421875	-165.039062
2128.805897	0.746834	32.421875	-165.039062
2128.807897	1.034645	32.421875	-165.039062
2128.809904	1.303067	32.421875	-165.039062
2128.811902	1.468770	32.421875	-165.039062
2128.813901	1.468765	32.421875	-165.039062
2128.815902	1.465783	16.123615	0.145647
2129.845924	0.463627	127.929687	223.046875
2129.847928	0.763638	127.929687	223.046875
2129.849927	1.050555	127.929687	223.046875
2129.851926	1.317929	127.929687	223.046875
2129.853928	1.469556	127.929687	223.046875
2129.855927	1.467586	16.143440	0.165462
2130.880437	0.328220	-35.156250	-161.621094
2130.882439	0.632346	-35.156250	-161.621094
2130.884438	0.925945	-35.156250	-161.621094
2130.886439	1.202254	-35.156250	-161.621094
2130.888439	1.434142	-35.156250	-161.621094
2130.890439	1.468866	-35.156250	-161.621094
2130.892438	1.465306	16.118370	0.148817
2131.924526	0.716504	117.187500	220.507812
2131.926531	1.005838	117.187500	220.507812
2131.928530	1.276345	117.187500	220.507812
2131.930529	1.463697	117.187500	220.507812
2131.932529	1.469295	117.187500	220.507812
2131.934529	1.466223	16.128456	0.163830
2132.958577	0.358488	2.050781	-161.816406
2132.960580	0.661510	2.050781	-161.816406
2132.962580	0.953616	2.050781	-161.816406
2132.964579	1.227924	2.050781	-161.816406
2132.966580	1.446388	2.050781	-161.816406
2132.970577	1.465066	2.050781	-161.816406
2132.972579	1.462914	16.092058	0.148579
2134.000654	0.594267	116.503906	219.726562
2134.002656	0.889856	116.503906	219.726562
2134.004654	1.168803	116.503906	219.726562
2134.006655	1.414620	116.503906	219.726562
2134.008654	1.469788	116.503906	219.726562
2134.010655	1.465929	16.125221	0.479892
2135.036727	0.389369	50.097656	-164.355469
2135.038728	0.691479	50.097656	-164.355469
2135.042728	1.254290	50.097656	-164.355469
2135.044727	1.456268	50.097656	-164.355469
2135.046730	1.467984	50.097656	-164.355469
2135.048730	1.464824	16.113060	0.144999
2136.076742	0.487985	124.121094	220.117187
2136.078742	0.787348	124.121094	220.117187
2136.080743	1.073124	124.121094	220.117187
2136.082742	1.338627	124.121094	220.117187
2136.084744	1.471419	124.121094	220.117187
2136.086742	1.468118	16.149300	0.162700
2137.114819	0.523914	34.277344	-162.207031
2137.116820	0.822306	34.277344	-162.207031
2137.118819	1.106194	34.277344	-162.207031
2137.120820	1.367355	34.277344	-162.207031
2137.122821	1.471711	34.277344	-162.207031
2137.126819	1.465215	16.117369	0.140759
2138.155725	0.755777	116.699219	218.554687
2138.157728	1.043113	116.699219	218.554687
2138.159729	1.310910	116.699219	218.554687
2138.161729	1.468651	116.699219	218.554687
2138.163730	1.467512	16.142635	0.162201
2139.191747	0.407109	-61.425781	-157.128906
2139.195749	0.998478	-61.425781	-157.128906
2139.197748	1.269522	-61.425781	-157.128906
2139.199749	1.461038	-61.425781	-157.128906
2139.201748	1.468195	-61.425781	-157.128906
2139.203748	1.465136	16.116499	0.154973
2140.233782	0.901630	133.593750	220.214844
2140.235784	1.179777	133.593750	220.214844
2140.237785	1.421632	133.593750	220.214844
2140.241783	1.465866	133.593750	220.214844
2140.243784	1.463808	16.101887	0.523455
2141.269819	0.521647	-34.667969	-157.617187
2141.271821	0.820003	-34.667969	-157.617187
2141.273821	1.104071	-34.667969	-157.617187
2141.275821	1.365470	-34.667969	-157.617187
2141.277821	1.471593	-34.667969	-157.617187
2141.279821	1.467595	16.143547	0.143764
2142.309842	0.812822	120.898437	219.238281
2142.313841	1.359641	120.898437	219.238281
2142.315844	1.470590	120.898437	219.238281
2142.317842	1.466636	16.132992	0.162203
2143.345925	0.339031	-60.546875	-155.371094
2143.347927	0.642764	-60.546875	-155.371094
2143.349928	0.935872	-60.546875	-155.371094
2143.351928	1.211503	-60.546875	-155.371094
2143.353927	1.439287	-60.546875	-155.371094
2143.355928	1.469411	-60.546875	-155.371094
2143.357927	1.465965	16.125610	0.155538
2144.385989	0.640119	117.773437	217.968750
2144.387992	0.933363	117.773437	217.968750
2144.389990	1.209074	117.773437	217.968750
2144.391990	1.437882	117.773437	217.968750
2144.393992	1.469169	117.773437	217.968750
2144.395991	1.465702	16.122721	0.167520
2145.424042	0.385806	-48.535156	-155.664062
2145.426043	0.688111	-48.535156	-155.664062
2145.430042	1.251287	-48.535156	-155.664062
2145.432048	1.455788	-48.535156	-155.664062
2145.434052	1.468692	-48.535156	-155.664062
2145.436060	1.465515	16.120665	0.145028
2146.466100	1.045395	131.640625	220.117187
2146.468104	1.313064	131.640625	220.117187
2146.470101	1.469509	131.640625	220.117187
2146.472104	1.468137	16.149504	0.164612
2147.500688	0.361916	-27.246094	-157.421875
2147.502689	0.664985	-27.246094	-157.421875
2147.504689	0.956863	-27.246094	-157.421875
2147.506689	1.230912	-27.246094	-157.421875
2147.508690	1.448163	-27.246094	-157.421875
2147.510688	1.469022	-27.246094	-157.421875
2147.512689	1.465730	16.123032	0.147342
2148.542729	0.987593	132.128906	220.507812
2148.544732	1.259415	132.128906	220.507812
2148.548729	1.468274	132.128906	220.507812
2148.550731	1.465115	132.128906	220.507812
2148.552732	1.463079	16.093866	0.164521
2149.579294	0.320035	41.894531	-160.156250
2149.581297	0.910495	41.894531	-160.156250
2149.583297	1.187966	41.894531	-160.156250
2149.585296	1.426452	41.894531	-160.156250
2149.587297	1.469254	41.894531	-160.156250
2149.589297	1.465605	16.121658	0.146960
2150.617331	0.569444	119.238281	218.945312
2150.619331	0.866379	119.238281	218.945312
2150.621329	1.147066	119.238281	218.945312
2150.623329	1.399843	119.238281	218.945312
2150.625331	1.470711	119.238281	218.945312
2150.627330	1.466647	16.133116	0.169935
2151.655403	0.454034	-18.261719	-158.398437
2151.659404	1.041880	-18.261719	-158.398437
2151.661406	1.309749	-18.261719	-158.398437
2151.663410	1.469006	-18.261719	-158.398437
2151.665410	1.467847	16.146320	0.144249
2152.693455	0.369814	118.945312	219.238281
2152.695455	0.672569	118.945312	219.238281
2152.697456	0.964120	118.945312	219.238281
2152.699456	1.237680	118.945312	219.238281
2152.703454	1.468437	118.945312	219.238281
2152.705458	1.465224	118.945312	219.238281
2152.707457	1.463204	16.095249	0.167116
2153.731504	0.327160	10.937500	-160.644531
2153.733505	0.631232	10.937500	-160.644531
2153.735507	0.924931	10.937500	-160.644531
2153.737506	1.201324	10.937500	-160.644531
2153.739505	1.433920	10.937500	-160.644531
2153.741506	1.469286	10.937500	-160.644531
2153.743505	1.465778	16.123554	0.146663
2154.770041	0.237507	124.609375	220.996094
2154.772043	0.545170	124.609375	220.996094
2154.774043	0.842917	124.609375	220.996094
2154.776043	1.125261	124.609375	220.996094
2154.778043	1.383135	124.609375	220.996094
2154.780044	1.471383	124.609375	220.996094
2154.782044	1.467282	16.140100	0.169142
2155.810078	0.577168	-24.023437	-159.863281
2155.812080	0.873634	-24.023437	-159.863281
2155.814081	1.153834	-24.023437	-159.863281
2155.816079	1.404658	-24.023437	-159.863281
2155.818079	1.470381	-24.023437	-159.863281
2155.820079	1.466433	16.130768	0.377079
2156.848076	0.290854	120.605469	220.410156
2156.850078	0.596169	120.605469	220.410156
2156.852078	0.891682	120.605469	220.410156
2156.854078	1.170528	120.605469	220.410156
2156.856078	1.415734	120.605469	220.410156
2156.858078	1.469549	120.605469	220.410156
2156.860078	1.465757	16.123333	0.179244
2157.888101	0.702678	-15.136719	-161.035156
2157.890101	0.992687	-15.136719	-161.035156
2157.892102	1.264207	-15.136719	-161.035156
2157.894102	1.459518	-15.136719	-161.035156
2157.896101	1.468158	-15.136719	-161.035156
2157.898101	1.465132	16.116455	0.144698
2158.930154	0.947467	116.308594	219.824219
2158.932158	1.222175	116.308594	219.824219
2158.934157	1.444021	116.308594	219.824219
2158.936158	1.468649	116.308594	219.824219
2158.938155	1.465334	16.118671	0.165317
2159.962195	0.312204	-6.152344	-162.500000
2159.964196	0.616806	-6.152344	-162.500000
2159.966196	0.911290	-6.152344	-162.500000
2159.968196	1.188570	-6.152344	-162.500000
2159.970196	1.426851	-6.152344	-162.500000
2159.972197	1.469348	-6.152344	-162.500000
2159.974197	1.465746	16.123209	0.145398
2161.004213	0.407898	120.996094	221.386719
2161.006215	0.709523	120.996094	221.386719
2161.008215	0.999201	120.996094	221.386719
2161.010215	1.270204	120.996094	221.386719
2161.014213	1.468612	120.996094	221.386719
2161.016214	1.465457	120.996094	221.386719
2161.018215	1.463590	16.099493	0.163525
2162.040229	0.482396	-61.718750	-160.937500
2162.042232	0.781883	-61.718750	-160.937500
2162.044231	1.067875	-61.718750	-160.937500
2162.046231	1.333867	-61.718750	-160.937500
2162.048232	1.470606	-61.718750	-160.937500
2162.050232	1.467525	16.142776	0.150094
2163.082281	0.501221	127.246094	222.070312
2163.084281	0.800161	127.246094	222.070312
2163.086282	1.085288	127.246094	222.070312
2163.088282	1.349449	127.246094	222.070312
2163.090282	1.471426	127.246094	222.070312
2163.092284	1.467739	16.145134	0.161863
2164.116300	0.352696	40.136719	-166.308594
2164.118304	0.656045	40.136719	-166.308594
2164.120302	0.948452	40.136719	-166.308594
2164.122301	1.223077	40.136719	-166.308594
2164.124301	1.444416	40.136719	-166.308594
2164.126301	1.468577	40.136719	-166.308594
2164.128301	1.465279	16.118069	0.144646
2165.160334	0.555611	120.800781	221.484375
2165.162337	0.853123	120.800781	221.484375
2165.164335	1.134792	120.800781	221.484375
2165.166337	1.390707	120.800781	221.484375
2165.168337	1.471538	120.800781	221.484375
2165.170336	1.467442	16.141863	0.292045
2166.194360	0.524476	23.828125	-166.210937
2166.196363	0.822850	23.828125	-166.210937
2166.198359	1.106665	23.828125	-166.210937
2166.200361	1.367719	23.828125	-166.210937
2166.202363	1.471540	23.828125	-166.210937
2166.204362	1.471443	16.185873	0.137217
2167.236375	0.384543	129.003906	222.656250
2167.238376	0.686773	129.003906	222.656250
2167.240379	0.977584	129.003906	222.656250
2167.242376	1.250164	129.003906	222.656250
2167.244377	1.455220	129.003906	222.656250
2167.246376	1.468616	129.003906	222.656250
2167.248377	1.465426	16.119682	0.165643
2168.270945	2.005069	-13.671875	-164.843750
2168.272946	0.735400	-13.671875	-164.843750
2168.274947	1.023694	-13.671875	-164.843750
2168.276945	1.292930	-13.671875	-164.843750
2168.278945	1.466217	-13.671875	-164.843750
2168.280947	1.467815	-13.671875	-164.843750
2168.282946	1.464922	16.114143	0.141833
2169.314997	0.522977	119.335937	220.898437
2169.316998	0.821362	119.335937	220.898437
2169.319000	1.105362	119.335937	220.898437
2169.320999	1.116903	119.335937	220.898437
2169.323000	1.471596	119.335937	220.898437
2169.324999	1.467608	16.143688	0.159472
2170.349019	0.567303	20.214844	-166.503906
2170.351021	0.864283	20.214844	-166.503906
2170.353021	1.145100	20.214844	-166.503906
2170.355021	1.398476	20.214844	-166.503906
2170.357019	1.470927	20.214844	-166.503906
2170.359020	1.466853	16.135386	0.329294
2171.390971	0.338617	125.781250	222.265625
2171.392974	0.642316	125.781250	222.265625
2171.394974	0.935399	125.781250	222.265625
2171.396975	1.210972	125.781250	222.265625
2171.398976	1.438837	125.781250	222.265625
2171.400974	1.468995	125.781250	222.265625
2171.402974	1.465607	16.121675	0.164290
2172.427009	0.690791	-37.011719	-163.769531
2172.429009	0.981315	-37.011719	-163.769531
2172.431010	1.253690	-37.011719	-163.769531
2172.433011	1.456542	-37.011719	-163.769531
2172.435014	1.468674	-37.011719	-163.769531
2172.437016	1.465583	16.121418	0.141889
2173.469078	0.479232	124.707031	221.875000
2173.471081	0.778831	124.707031	221.875000
2173.473085	1.065531	124.707031	221.875000
2173.475084	1.331747	124.707031	221.875000
2173.477084	1.471395	124.707031	221.875000
2173.479084	1.468516	16.153677	0.160031
2174.503154	0.454471	40.527344	-166.894531
2174.505160	0.754707	40.527344	-166.894531
2174.507162	1.043164	40.527344	-166.894531
2174.509168	1.311171	40.527344	-166.894531
2174.511165	1.469521	40.527344	-166.894531
2174.513164	1.468448	16.152924	0.139805
2175.549187	0.950194	130.371094	221.972656
2175.551188	1.224734	130.371094	221.972656
2175.555189	1.468842	130.371094	221.972656
2175.557188	1.465475	130.371094	221.972656
2175.559189	1.463368	16.097048	0.163666
2176.579778	0.330076	45.605469	-167.089844
2176.581780	0.634108	45.605469	-167.089844
2176.583780	0.927643	45.605469	-167.089844
2176.585780	1.203836	45.605469	-167.089844
2176.587780	1.435173	45.605469	-167.089844
2176.589779	1.468917	45.605469	-167.089844
2176.591781	1.465358	16.118937	0.143526
2177.621781	0.303229	117.675781	219.921875
2177.623784	0.608127	117.675781	219.921875
2177.625784	0.902928	117.675781	219.921875
2177.627785	1.180936	117.675781	219.921875
2177.629788	1.422505	117.675781	219.921875
2177.631786	1.469802	117.675781	219.921875
2177.633786	1.466060	16.126665	0.174658
2178.657827	0.424515	31.445312	-165.917969
2178.659828	0.725597	31.445312	-165.917969
2178.661828	1.014390	31.445312	-165.917969
2178.663828	1.284350	31.445312	-165.917969
2178.665829	1.464560	31.445312	-165.917969
2178.667828	1.467826	31.445312	-165.917969
2178.669828	1.464848	16.113327	0.142117
2179.698738	0.308529	124.609375	220.996094
2179.700743	0.613266	124.609375	220.996094
2179.704740	1.185602	124.609375	220.996094
2179.706744	1.425191	124.609375	220.996094
2179.708749	1.469827	124.609375	220.996094
2179.710752	1.466126	16.127382	0.164858
2180.734792	0.311168	-40.722656	-161.914062
2180.736794	0.615773	-40.722656	-161.914062
2180.740792	1.187706	-40.722656	-161.914062
2180.742798	1.426232	-40.722656	-161.914062
2180.744796	1.469331	-40.722656	-161.914062
2180.746798	1.465708	16.122784	0.146055
2181.778870	0.827905	130.664062	219.824219
2181.780871	1.111325	130.664062	219.824219
2181.782873	1.371691	130.664062	219.824219
2181.784879	1.471230	130.664062	219.824219
2181.786884	1.467115	16.138266	0.158403
2182.813833	0.516814	-47.265625	-161.816406
2182.815836	0.815238	-47.265625	-161.816406
2182.817837	1.099600	-47.265625	-161.816406
2182.819836	1.361745	-47.265625	-161.816406
2182.821836	1.472110	-47.265625	-161.816406
2182.823837	1.468168	16.149849	0.138832
2183.855970	0.889300	114.160156	216.601562
2183.857972	1.168389	114.160156	216.601562
2183.859973	1.414523	114.160156	216.601562
2183.861972	1.470218	114.160156	216.601562
2183.863972	1.466326	16.129581	0.463693
2184.890037	0.327921	23.535156	-164.746094
2184.892039	0.632019	23.535156	-164.746094
2184.894040	0.925610	23.535156	-164.746094
2184.896039	1.201893	23.535156	-164.746094
2184.898040	1.434038	23.535156	-164.746094
2184.902035	1.465351	23.535156	-164.746094
2184.904040	1.463216	16.095371	0.143672
2185.930602	0.511197	120.019531	217.187500
2185.932605	0.809853	120.019531	217.187500
2185.934606	1.094430	120.019531	217.187500
2185.936604	1.357347	120.019531	217.187500
2185.938604	1.471574	120.019531	217.187500
2185.940604	1.467607	16.143673	0.159266
2186.968664	0.433026	-39.062500	-161.328125
2186.972665	1.022378	-39.062500	-161.328125
2186.974666	1.291699	-39.062500	-161.328125
2186.976667	1.466531	-39.062500	-161.328125
2186.978665	1.468489	-39.062500	-161.328125
2186.980665	1.465490	16.120390	0.140000
2188.006678	0.383504	117.871094	216.113281
2188.012677	1.249274	117.871094	216.113281
2188.014679	1.454987	117.871094	216.113281
2188.016680	1.468709	117.871094	216.113281
2188.018679	1.465517	16.120691	0.163519
2189.046697	0.558347	-42.578125	-159.863281
2189.048699	0.568969	-42.578125	-159.863281
2189.050700	1.137189	-42.578125	-159.863281
2189.052698	1.392484	-42.578125	-159.863281
2189.054699	1.471182	-42.578125	-159.863281
2189.056700	1.467030	16.137335	0.275164
2190.084751	0.555227	120.898437	216.503906
2190.086754	0.852733	120.898437	216.503906
2190.088752	1.134379	120.898437	216.503906
2190.090754	1.390593	120.898437	216.503906
2190.092753	1.472115	120.898437	216.503906
2190.094755	1.468024	16.148262	0.281027
2191.122800	0.396342	-56.445312	-158.496094
2191.124799	0.698255	-56.445312	-158.496094
2191.126800	0.988461	-56.445312	-158.496094
2191.128800	1.260352	-56.445312	-158.496094
2191.130800	1.458255	-56.445312	-158.496094
2191.132800	1.468245	-56.445312	-158.496094
2191.134805	1.465063	16.115692	0.143709
2192.160847	0.352954	115.039062	214.453125
2192.162850	0.656119	115.039062	214.453125
2192.164851	0.948502	115.039062	214.453125
2192.166851	1.223101	115.039062	214.453125
2192.168853	1.444566	115.039062	214.453125
2192.170853	1.468612	115.039062	214.453125
2192.172853	1.465297	16.118263	0.173504
2193.200850	0.450066	-61.425781	-157.910156
2193.202851	0.750363	-61.425781	-157.910156
2193.204851	1.037991	-61.425781	-157.910156
2193.206875	1.306129	-61.425781	-157.910156
2193.208878	1.469262	-61.425781	-157.910156
2193.210879	1.468386	-61.425781	-157.910156
2193.212877	1.465486	16.120346	0.139752
2194.244931	1.338830	131.054687	217.285156
2194.246935	1.469935	131.054687	217.285156
2194.248935	1.466549	16.132036	0.156927
2195.281507	0.965492	2.539062	-160.644531
2195.283511	1.238891	2.539062	-160.644531
2195.285511	1.450993	2.539062	-160.644531
2195.287509	1.468398	2.539062	-160.644531
2195.289509	1.465128	16.116411	0.142205
2196.316061	0.520491	117.773437	216.015625
2196.318064	0.818947	117.773437	216.015625
2196.320065	1.102989	117.773437	216.015625
2196.322063	1.364601	117.773437	216.015625
2196.324063	1.471010	117.773437	216.015625
2196.326062	1.466904	16.135942	0.168859
2197.354070	0.273100	-57.226562	-158.398437
2197.356071	0.578982	-57.226562	-158.398437
2197.358071	0.875361	-57.226562	-158.398437
2197.360071	1.155400	-57.226562	-158.398437
2197.362073	1.405611	-57.226562	-158.398437
2197.364072	1.469990	-57.226562	-158.398437
2197.368070	1.463730	16.101027	0.152442
2198.392157	0.275597	130.761719	217.480469
2198.394160	0.581366	130.761719	217.480469
2198.396159	0.877589	130.761719	217.480469
2198.398160	1.157415	130.761719	217.480469
2198.400162	1.407030	130.761719	217.480469
2198.402160	1.470136	130.761719	217.480469
2198.404161	1.469986	16.169842	0.165063
2199.432711	0.497988	-66.894531	-157.421875
2199.434715	0.796984	-66.894531	-157.421875
2199.436715	1.082169	-66.894531	-157.421875
2199.438713	1.346680	-66.894531	-157.421875
2199.440714	1.471138	-66.894531	-157.421875
2199.442715	1.467486	16.142342	0.146123
2200.472734	0.749721	132.324219	218.750000
2200.474736	1.037312	132.324219	218.750000
2200.476756	1.305482	132.324219	218.750000
2200.480756	1.467395	132.324219	218.750000
2200.482759	1.464688	132.324219	218.750000
2200.484761	1.462719	16.089905	0.167237
2201.511730	0.772690	-72.949219	-157.617187
2201.513732	1.059167	-72.949219	-157.617187
2201.515731	1.325879	-72.949219	-157.617187
2201.517731	1.470350	-72.949219	-157.617187
2201.519732	1.467689	16.144575	0.136451
2202.547756	0.425809	119.140625	217.480469
2202.549760	0.726885	119.140625	217.480469
2202.551758	1.015683	119.140625	217.480469
2202.553758	1.285435	119.140625	217.480469
2202.555758	1.464616	119.140625	217.480469
2202.557759	1.467694	119.140625	217.480469
2202.559758	1.464738	16.112122	0.161185
2203.587771	0.641497	29.296875	-163.476562
2203.589773	0.934543	29.296875	-163.476562
2203.591774	1.210252	29.296875	-163.476562
2203.593774	1.438394	29.296875	-163.476562
2203.595773	1.468884	29.296875	-163.476562
2203.597773	1.465421	16.119629	0.141250
2204.627761	0.735259	122.167969	219.042969
2204.629763	1.023537	122.167969	219.042969
2204.631762	1.292759	122.167969	219.042969
2204.633765	1.466130	122.167969	219.042969
2204.635765	1.467800	122.167969	219.042969
2204.639762	1.462951	16.092457	0.158631
2205.661813	0.238249	6.445312	-163.476562
2205.663815	0.545846	6.445312	-163.476562
2205.665816	0.843542	6.445312	-163.476562
2205.667816	1.125804	6.445312	-163.476562
2205.669815	1.383591	6.445312	-163.476562
2205.671817	1.471056	6.445312	-163.476562
2205.673815	1.467006	16.137070	0.145087
2206.702375	0.346401	119.335937	218.945312
2206.704377	0.649789	119.335937	218.945312
2206.706375	0.942452	119.335937	218.945312
2206.708376	1.217565	119.335937	218.945312
2206.710376	1.441621	119.335937	218.945312
2206.712375	1.468204	119.335937	218.945312
2206.714376	1.464895	16.113842	0.172716
2207.740405	0.455699	-18.066406	-163.378906
2207.742405	0.755883	-18.066406	-163.378906
2207.744406	1.043202	-18.066406	-163.378906
2207.746409	1.310988	-18.066406	-163.378906
2207.748415	1.469605	-18.066406	-163.378906
2207.752412	1.465506	16.120567	0.137154
2208.780477	0.370268	120.898437	219.531250
2208.782480	0.672945	120.898437	219.531250
2208.784479	0.964477	120.898437	219.531250
2208.786480	1.237958	120.898437	219.531250
2208.788480	1.450590	120.898437	219.531250
2208.790480	1.468360	120.898437	219.531250
2208.792481	1.465116	16.116280	0.162101
2209.816494	0.326256	-44.921875	-162.890625
2209.818497	0.630395	-44.921875	-162.890625
2209.820497	0.924135	-44.921875	-162.890625
2209.822496	1.200468	-44.921875	-162.890625
2209.824497	1.433396	-44.921875	-162.890625
2209.826495	1.469216	-44.921875	-162.890625
2209.828496	1.465679	16.122465	0.141207
2210.858515	1.852554	131.738281	220.605469
2210.860518	0.760950	131.738281	220.605469
2210.862519	1.047965	131.738281	220.605469
2210.864519	1.315464	131.738281	220.605469
2210.866518	1.468842	131.738281	220.605469
2210.868516	1.467106	16.138168	0.158830
2211.893432	1.141089	-65.820312	-162.109375
2211.895437	0.670295	-65.820312	-162.109375
2211.897435	0.961909	-65.820312	-162.109375
2211.899433	1.235557	-65.820312	-162.109375
2211.901435	1.449645	-65.820312	-162.109375
2211.903434	1.468355	-65.820312	-162.109375
2211.905433	1.465131	16.116438	0.147953
2212.935422	0.339910	125.000000	220.996094
2212.937425	0.643639	125.000000	220.996094
2212.939422	0.936686	125.000000	220.996094
2212.941424	1.212140	125.000000	220.996094
2212.943422	1.439395	125.000000	220.996094
2212.945425	1.468880	125.000000	220.996094
2212.947424	1.468750	16.156248	0.161952
2213.971456	0.532026	-69.238281	-162.500000
2213.973458	0.830064	-69.238281	-162.500000
2213.975456	1.113332	-69.238281	-162.500000
2213.977455	1.373273	-69.238281	-162.500000
2213.979459	1.471300	-69.238281	-162.500000
2213.981462	1.467305	16.140358	0.147203
2215.013480	0.393564	118.359375	219.433594
2215.015483	0.695622	118.359375	219.433594
2215.017487	0.986241	118.359375	219.433594
2215.019487	1.258670	118.359375	219.433594
2215.021488	1.457617	118.359375	219.433594
2215.023487	1.467728	118.359375	219.433594
2215.025486	1.464630	16.110926	0.168262
2216.047521	0.363763	-5.664062	-167.285156
2216.051522	0.958446	-5.664062	-167.285156
2216.053523	1.232311	-5.664062	-167.285156
2216.055523	1.448438	-5.664062	-167.285156
2216.057524	1.468624	-5.664062	-167.285156
2216.059525	1.465382	16.119204	0.137977
2217.094060	0.862324	126.074219	220.117187
2217.096062	1.143221	126.074219	220.117187
2217.098062	1.396986	126.074219	220.117187
2217.100062	1.470693	126.074219	220.117187
2217.102063	1.466653	16.133188	0.325107
2218.124619	0.389736	18.652344	-168.945312
2218.126620	0.691816	18.652344	-168.945312
2218.128619	0.982408	18.652344	-168.945312
2218.132617	1.456786	18.652344	-168.945312
2218.134620	1.468661	18.652344	-168.945312
2218.136622	1.465496	16.120461	0.147622
2219.169523	0.609494	125.585937	220.214844
2219.171526	0.904254	125.585937	220.214844
2219.173525	1.182177	125.585937	220.214844
2219.175525	1.422984	125.585937	220.214844
2219.179522	1.465742	125.585937	220.214844
2219.181526	1.463584	16.099422	0.549860
2220.202074	0.429640	-78.125000	-163.085937
2220.204075	0.730582	-78.125000	-163.085937
2220.206076	1.019251	-78.125000	-163.085937
2220.208075	1.288747	-78.125000	-163.085937
2220.210075	1.466059	-78.125000	-163.085937
2220.212077	1.468557	-78.125000	-163.085937
2220.214075	1.465613	16.121738	0.145357
2221.246164	0.527415	124.511719	220.507812
2221.248167	0.825583	124.511719	220.507812
2221.252164	1.369577	124.511719	220.507812
2221.254166	1.373201	124.511719	220.507812
2221.256166	1.470450	16.174946	0.155717
2222.282220	0.799185	4.492187	-167.480469
2222.284222	1.084316	4.492187	-167.480469
2222.286221	1.348512	4.492187	-167.480469
2222.288222	1.471740	4.492187	-167.480469
2222.290221	1.468144	16.149584	0.134303
2223.323200	0.542736	129.394531	220.410156
2223.325201	0.840441	129.394531	220.410156
2223.329197	1.381168	129.394531	220.410156
2223.333199	1.466213	129.394531	220.410156
2223.335200	1.463909	16.102995	0.221503
2224.359767	0.813796	31.640625	-167.871094
2224.361769	1.098176	31.640625	-167.871094
2224.363770	1.360448	31.640625	-167.871094
2224.365770	1.471538	31.640625	-167.871094
2224.367770	1.467544	16.142988	0.134549
2225.399748	1.354501	123.632812	219.921875
2225.401750	0.748750	123.632812	219.921875
2225.407775	1.468409	123.632812	219.921875
2225.409775	1.467510	123.632812	219.921875
2225.411777	1.464754	16.112299	0.156641
2226.435853	0.575854	5.273437	-165.527344
2226.437857	0.872375	5.273437	-165.527344
2226.439859	0.895727	5.273437	-165.527344
2226.441861	1.404113	5.273437	-165.527344
2226.443859	1.470149	5.273437	-165.527344
2226.447859	1.463889	16.102779	0.140884
2227.478422	0.749131	115.429687	218.359375
2227.480423	1.036813	115.429687	218.359375
2227.482444	1.305098	115.429687	218.359375
2227.484449	1.468480	115.429687	218.359375
2227.486448	1.467638	115.429687	218.359375
2227.488449	1.464840	16.113237	0.157951
2228.512530	0.421669	-31.542969	-163.183594
2228.516530	1.011659	-31.542969	-163.183594
2228.518531	1.281762	-31.542969	-163.183594
2228.520532	1.463723	-31.542969	-163.183594
2228.522532	1.467738	-31.542969	-163.183594
2228.524532	1.464792	16.112707	0.137059
2229.554547	0.629150	129.199219	220.214844
2229.556549	0.922903	129.199219	220.214844
2229.558549	1.199450	129.199219	220.214844
2229.560549	1.432829	129.199219	220.214844
2229.562550	1.469112	129.199219	220.214844
2229.564549	1.465536	16.120895	0.171585
2230.591115	0.555918	-9.179687	-163.183594
2230.593116	0.853342	-9.179687	-163.183594
2230.595117	1.134948	-9.179687	-163.183594
2230.597117	1.390799	-9.179687	-163.183594
2230.599115	1.471087	-9.179687	-163.183594
2230.601116	1.467001	16.137007	0.142331
2231.629661	0.393481	118.945312	218.750000
2231.631667	0.695518	118.945312	218.750000
2231.633669	0.986644	118.945312	218.750000
2231.635669	1.258558	118.945312	218.750000
2231.637668	1.457992	118.945312	218.750000
2231.639668	1.468477	118.945312	218.750000
2231.641669	1.465368	16.119053	0.170106
2232.667738	0.394019	-49.316406	-160.449219
2232.669741	0.695967	-49.316406	-160.449219
2232.671740	0.986304	-49.316406	-160.449219
2232.673745	1.258223	-49.316406	-160.449219
2232.675750	1.458328	-49.316406	-160.449219
2232.677750	1.468646	-49.316406	-160.449219
2232.679748	1.465458	16.120035	0.137619
2233.707790	0.537653	117.675781	217.480469
2233.709792	0.835641	117.675781	217.480469
2233.711792	1.118495	117.675781	217.480469
2233.713791	1.377711	117.675781	217.480469
2233.715793	1.471449	117.675781	217.480469
2233.717791	1.467286	16.140144	0.162943
2234.745876	0.538263	-81.054687	-157.714844
2234.747877	0.836234	-81.054687	-157.714844
2234.749878	1.119095	-81.054687	-157.714844
2234.751879	1.378577	-81.054687	-157.714844
2234.753879	1.473987	-81.054687	-157.714844
2234.755879	1.469910	16.169008	0.142632
2235.783911	0.415541	134.667969	218.945312
2235.785914	0.716908	134.667969	218.945312
2235.787914	1.006193	134.667969	218.945312
2235.789915	1.276674	134.667969	218.945312
2235.791914	1.463527	134.667969	218.945312
2235.793915	1.468974	134.667969	218.945312
2235.795914	1.465947	16.125414	0.167379
2236.821938	0.329057	-69.628906	-157.910156
2236.823940	0.633080	-69.628906	-157.910156
2236.825941	0.926729	-69.628906	-157.910156
2236.827942	1.202939	-69.628906	-157.910156
2236.829940	1.434922	-69.628906	-157.910156
2236.831941	1.469580	-69.628906	-157.910156
2236.833941	1.465973	16.125708	0.139470
2237.860039	0.291629	120.312500	217.089844
2237.862038	0.596924	120.312500	217.089844
2237.864039	0.892362	120.312500	217.089844
2237.866038	1.171187	120.312500	217.089844
2237.868038	1.416231	120.312500	217.089844
2237.870038	1.469955	120.312500	217.089844
2237.872038	1.466198	16.128180	0.163563
2238.900051	0.431344	-51.757812	-158.105469
2238.902051	0.732300	-51.757812	-158.105469
2238.904051	1.020812	-51.757812	-158.105469
2238.906051	1.290252	-51.757812	-158.105469
2238.908052	1.465981	-51.757812	-158.105469
2238.910050	1.468199	-51.757812	-158.105469
2238.912052	1.465267	16.117935	0.137762
2239.938087	0.385684	131.445312	218.164062
2239.940088	0.687838	131.445312	218.164062
2239.942087	0.978646	131.445312	218.164062
2239.944088	1.251037	131.445312	218.164062
2239.946090	1.455322	131.445312	218.164062
2239.948090	1.468212	131.445312	218.164062
2239.950090	1.465112	16.116234	0.167830
2240.976662	0.344172	-57.421875	-157.812500
2240.978662	0.647714	-57.421875	-157.812500
2240.980666	0.940839	-57.421875	-157.812500
2240.982666	0.967204	-57.421875	-157.812500
2240.984666	1.441346	-57.421875	-157.812500
2240.986666	1.468912	-57.421875	-157.812500
2240.988667	1.465578	16.121357	0.140647
2242.014684	0.335499	119.628906	216.699219
2242.016686	0.639339	119.628906	216.699219
2242.018687	0.932615	119.628906	216.699219
2242.020687	1.208382	119.628906	216.699219
2242.024685	1.469155	119.628906	216.699219
2242.026688	1.465721	119.628906	216.699219
2242.028686	1.463606	16.099663	0.161360
2243.054768	0.446310	-75.683594	-156.054687
2243.056769	0.746867	-75.683594	-156.054687
2243.058769	1.034600	-75.683594	-156.054687
2243.060768	1.303053	-75.683594	-156.054687
2243.062774	1.469063	-75.683594	-156.054687
2243.064774	1.469158	-75.683594	-156.054687
2243.068772	1.464369	16.108063	0.144031
2244.092789	0.437070	128.613281	218.066406
2244.094792	0.737853	128.613281	218.066406
2244.096791	1.025994	128.613281	218.066406
2244.098791	1.295057	128.613281	218.066406
2244.100791	1.466580	128.613281	218.066406
2244.102791	1.467780	128.613281	218.066406
2244.104791	1.464925	16.114178	0.155367
2245.135345	0.949743	-59.277344	-157.714844
2245.137347	1.224343	-59.277344	-157.714844
2245.139347	1.445288	-59.277344	-157.714844
2245.141349	1.469164	-59.277344	-157.714844
2245.143349	1.465862	16.124485	0.139255
2246.171374	0.647280	117.578125	216.308594
2246.173372	0.940171	117.578125	216.308594
2246.175373	1.215404	117.578125	216.308594
2246.177373	1.440726	117.578125	216.308594
2246.179371	1.468498	117.578125	216.308594
2246.181373	1.465061	16.115667	0.159819
2247.209397	0.485380	20.898437	-161.718750
2247.211399	0.784808	20.898437	-161.718750
2247.217397	1.470186	20.898437	-161.718750
2247.219400	1.466932	20.898437	-161.718750
2247.221399	1.464364	16.108000	0.133302
2248.249429	0.702494	122.656250	217.773437
2248.251430	0.992507	122.656250	217.773437
2248.253433	1.264003	122.656250	217.773437
2248.255431	1.459302	122.656250	217.773437
2248.257432	1.468100	122.656250	217.773437
2248.259430	1.465021	16.115232	0.157807
2249.287478	0.658883	-76.562500	-157.421875
2249.289480	0.951156	-76.562500	-157.421875
2249.291478	1.225609	-76.562500	-157.421875
2249.293480	1.445734	-76.562500	-157.421875
2249.295479	1.468892	-76.562500	-157.421875
2249.297479	1.465487	16.120354	0.139202
2250.325547	0.503393	122.656250	218.164062
2250.327548	0.802214	122.656250	218.164062
2250.329548	1.087231	122.656250	218.164062
2250.331547	1.351093	122.656250	218.164062
2250.333549	1.471202	122.656250	218.164062
2250.335548	1.467468	16.142147	0.154035
2251.363580	0.496202	-41.210937	-160.742187
2251.365581	0.795249	-41.210937	-160.742187
2251.367581	1.080635	-41.210937	-160.742187
2251.369581	1.345209	-41.210937	-160.742187
2251.371581	1.470526	-41.210937	-160.742187
2251.373581	1.466963	16.136591	0.133593
2252.403625	0.637925	115.527344	217.089844
2252.405625	0.931265	115.527344	217.089844
2252.407626	1.207184	115.527344	217.089844
2252.409627	1.436870	115.527344	217.089844
2252.411626	1.468881	115.527344	217.089844
2252.413626	1.465464	16.120106	0.159775
2253.439643	0.364927	-18.945312	-162.988281
2253.441643	0.667763	-18.945312	-162.988281
2253.443644	0.959558	-18.945312	-162.988281
2253.445642	1.233354	-18.945312	-162.988281
2253.447642	1.448793	-18.945312	-162.988281
2253.449644	1.468585	-18.945312	-162.988281
2253.451641	1.465373	16.119104	0.138173
2254.479665	0.348519	123.828125	218.945312
2254.481667	0.365615	123.828125	218.945312
2254.483666	0.944466	123.828125	218.945312
2254.485665	1.219459	123.828125	218.945312
2254.487668	1.442791	123.828125	218.945312
2254.491665	1.465372	123.828125	218.945312
2254.493668	1.463195	16.095142	0.158165
2255.519702	0.871924	15.332031	-165.234375
2255.521703	1.152158	15.332031	-165.234375
2255.523704	1.403347	15.332031	-165.234375
2255.525704	1.470031	15.332031	-165.234375
2255.527703	1.466118	16.127302	0.149381
2256.556641	0.274411	124.804687	219.921875
2256.558648	0.580334	124.804687	219.921875
2256.560647	0.877203	124.804687	219.921875
2256.562647	1.157164	124.804687	219.921875
2256.564648	1.407079	124.804687	219.921875
2256.566644	1.470701	124.804687	219.921875
2256.568646	1.466699	16.133694	0.162385
2257.594675	0.541721	-9.765625	-164.941406
2257.596677	0.839481	-9.765625	-164.941406
2257.598677	1.122077	-9.765625	-164.941406
2257.600677	1.380735	-9.765625	-164.941406
2257.602678	1.471940	-9.765625	-164.941406
2257.604676	1.467814	16.145950	0.196085
2258.635232	0.412848	123.925781	219.726562
2258.637232	0.714189	123.925781	219.726562
2258.639232	1.003517	123.925781	219.726562
2258.641232	1.274167	123.925781	219.726562
2258.643234	1.461931	123.925781	219.726562
2258.645232	1.467887	123.925781	219.726562
2258.647236	1.464872	16.113594	0.157281
2259.671272	0.490136	-13.671875	-165.722656
2259.675273	1.074859	-13.671875	-165.722656
2259.677273	1.340129	-13.671875	-165.722656
2259.679275	1.471017	-13.671875	-165.722656
2259.681278	1.467681	16.144495	0.132357
2260.713865	0.591983	124.707031	220.117187
2260.715867	0.887674	124.707031	220.117187
2260.717867	1.166822	124.707031	220.117187
2260.719867	1.413442	124.707031	220.117187
2260.721867	1.470050	124.707031	220.117187
2260.723867	1.466166	16.127827	0.160017
2261.749898	0.783206	-63.183594	-162.988281
2261.751898	1.069203	-63.183594	-162.988281
2261.753899	1.335030	-63.183594	-162.988281
2261.757898	1.468228	-63.183594	-162.988281
2261.759901	1.465530	16.120825	0.134051
2262.789925	0.384706	120.214844	219.628906
2262.791926	0.686976	120.214844	219.628906
2262.793926	0.977764	120.214844	219.628906
2262.795927	1.250354	120.214844	219.628906
2262.797927	1.455239	120.214844	219.628906
2262.799926	1.468338	120.214844	219.628906
2262.801926	1.465254	16.117794	0.158169
2263.825986	0.620916	-15.234375	-166.406250
2263.827986	0.915113	-15.234375	-166.406250
2263.829988	1.192250	-15.234375	-166.406250
2263.831988	1.429003	-15.234375	-166.406250
2263.833988	1.469317	-15.234375	-166.406250
2263.835987	1.465753	16.123287	0.138110
2264.868514	0.518736	123.144531	220.507812
2264.870517	0.817232	123.144531	220.507812
2264.872516	1.101436	123.144531	220.507812
2264.874522	1.363163	123.144531	220.507812
2264.876527	1.471687	123.144531	220.507812
2264.878528	1.467646	16.144106	0.152267
2265.902560	0.489530	-10.839844	-166.601562
2265.904561	0.788832	-10.839844	-166.601562
2265.908561	1.339674	-10.839844	-166.601562
2265.910567	1.470080	-10.839844	-166.601562
2265.912566	1.466647	16.133116	0.130462
2266.945144	0.473363	131.347656	220.703125
2266.947147	0.773073	131.347656	220.703125
2266.949148	1.059493	131.347656	220.703125
2266.951146	1.326153	131.347656	220.703125
2266.953147	1.469768	131.347656	220.703125
2266.955147	1.467018	16.137194	0.163261
2267.980071	0.500723	0.000000	-167.285156
2267.982071	0.799679	0.000000	-167.285156
2267.984073	1.084691	0.000000	-167.285156
2267.986071	1.348853	0.000000	-167.285156
2267.988074	1.471625	0.000000	-167.285156
2267.990073	1.467938	16.147324	0.131491
2269.022982	0.573305	127.636719	220.605469
2269.024984	0.870030	127.636719	220.605469
2269.026984	1.150361	127.636719	220.605469
2269.028985	1.402123	127.636719	220.605469
2269.030984	1.470233	127.636719	220.605469
2269.032982	1.470092	16.171011	0.368779
2270.057539	0.542921	-27.539062	-165.625000
2270.059541	0.840706	-27.539062	-165.625000
2270.061542	1.123242	-27.539062	-165.625000
2270.063541	1.381659	-27.539062	-165.625000
2270.065540	1.471881	-27.539062	-165.625000
2270.067542	1.467720	16.144922	0.202219
2271.099625	0.491837	115.917969	218.457031
2271.101627	0.791099	115.917969	218.457031
2271.103627	1.076678	115.917969	218.457031
2271.105627	1.341787	115.917969	218.457031
2271.107628	1.471699	115.917969	218.457031
2271.109627	1.468348	16.151825	0.152582
2272.135670	0.648883	-83.203125	-161.718750
2272.137672	0.941700	-83.203125	-161.718750
2272.139672	1.216851	-83.203125	-161.718750
2272.141672	1.441821	-83.203125	-161.718750
2272.143671	1.469249	-83.203125	-161.718750
2272.145671	1.465838	16.124218	0.136020
2273.177764	0.636659	131.445312	220.117187
2273.179766	0.930139	131.445312	220.117187
2273.181768	1.206042	131.445312	220.117187
2273.183768	1.436344	131.445312	220.117187
2273.185767	1.469178	131.445312	220.117187
2273.187768	1.465687	16.122561	0.168092
2274.211797	0.411108	-82.421875	-161.425781
2274.213798	0.712649	-82.421875	-161.425781
2274.217796	1.272914	-82.421875	-161.425781
2274.219798	1.462170	-82.421875	-161.425781
2274.221799	1.468484	-82.421875	-161.425781
2274.223798	1.465448	16.119930	0.134245
2275.251829	0.235282	123.339844	219.335937
2275.253831	0.543157	123.339844	219.335937
2275.255832	0.840972	123.339844	219.335937
2275.257834	1.123732	123.339844	219.335937
2275.259832	1.382130	123.339844	219.335937
2275.261833	1.472498	123.339844	219.335937
2275.263831	1.468448	16.152933	0.161456
2276.289922	0.475765	24.218750	-166.406250
2276.291922	0.775373	24.218750	-166.406250
2276.293923	1.061719	24.218750	-166.406250
2276.295922	1.328149	24.218750	-166.406250
2276.297923	1.471309	24.218750	-166.406250
2276.299922	1.468686	16.155548	0.139384
2277.329968	0.387883	123.730469	219.531250
2277.331972	0.690069	123.730469	219.531250
2277.333971	0.980688	123.730469	219.531250
2277.335970	1.253082	123.730469	219.531250
2277.337971	1.456299	123.730469	219.531250
2277.339971	1.468637	123.730469	219.531250
2277.341970	1.465575	16.121321	0.156753
2278.368016	0.575767	-72.460937	-160.058594
2278.370020	0.872384	-72.460937	-160.058594
2278.372019	1.152552	-72.460937	-160.058594
2278.374019	1.403793	-72.460937	-160.058594
2278.376019	1.470302	-72.460937	-160.058594
2278.378020	1.466317	16.129484	0.361560
2279.408066	0.563438	118.261719	217.578125
2279.410069	0.860649	118.261719	217.578125
2279.412068	1.141703	118.261719	217.578125
2279.414068	1.395897	118.261719	217.578125
2279.416070	1.470948	118.261719	217.578125
2279.418069	1.466908	16.135988	0.308495
2280.444095	0.330554	-68.261719	-159.472656
2280.446098	0.634710	-68.261719	-159.472656
2280.448098	0.928173	-68.261719	-159.472656
2280.450097	1.204282	-68.261719	-159.472656
2280.452099	1.435623	-68.261719	-159.472656
2280.454099	1.469638	-68.261719	-159.472656
2280.456097	1.466135	16.127489	0.145761
2281.484170	0.440040	119.335937	217.675781
2281.486171	0.740760	119.335937	217.675781
2281.488174	1.028771	119.335937	217.675781
2281.490171	1.297592	119.335937	217.675781
2281.492172	1.466775	119.335937	217.675781
2281.494172	1.467545	119.335937	217.675781
2281.496172	1.464721	16.111927	0.152993
2282.522197	0.393020	-94.824219	-157.128906
2282.524198	0.695066	-94.824219	-157.128906
2282.526200	0.985450	-94.824219	-157.128906
2282.528199	1.257355	-94.824219	-157.128906
2282.530199	1.457455	-94.824219	-157.128906
2282.532198	1.468265	-94.824219	-157.128906
2282.534199	1.465177	16.116951	0.142646
2283.560266	0.312028	133.300781	218.652344
2283.562268	0.616629	133.300781	218.652344
2283.564269	0.911026	133.300781	218.652344
2283.566267	1.188396	133.300781	218.652344
2283.568268	1.426509	133.300781	218.652344
2283.570268	1.469004	133.300781	218.652344
2283.572268	1.465390	16.119291	0.157967
2284.602300	0.829280	-58.203125	-158.593750
2284.604301	1.112679	-58.203125	-158.593750
2284.606301	1.372873	-58.203125	-158.593750
2284.608301	1.471669	-58.203125	-158.593750
2284.610301	1.467583	16.143415	0.131775
2285.638315	1.385874	125.683594	217.871094
2285.640317	0.783665	125.683594	217.871094
2285.642318	1.069542	125.683594	217.871094
2285.644318	1.335341	125.683594	217.871094
2285.646317	1.470878	125.683594	217.871094
2285.648316	1.467702	16.144726	0.153183
2286.678335	0.620340	-87.695312	-156.152344
2286.680336	0.914574	-87.695312	-156.152344
2286.682334	1.191707	-87.695312	-156.152344
2286.684337	1.428829	-87.695312	-156.152344
2286.686336	1.469780	-87.695312	-156.152344
2286.688339	1.466152	16.127676	0.137421
2287.718380	0.911623	129.492187	217.773437
2287.720383	1.188916	129.492187	217.773437
2287.722382	1.427103	129.492187	217.773437
2287.724383	1.469406	129.492187	217.773437
2287.726390	1.465771	16.123484	0.157937
2288.756938	0.795503	-35.253906	-159.082031
2288.758942	1.080822	-35.253906	-159.082031
2288.760942	1.345394	-35.253906	-159.082031
2288.762940	1.470612	-35.253906	-159.082031
2288.764942	1.467038	16.137415	0.132044
2289.790935	0.254179	117.773437	215.917969
2289.792937	0.560795	117.773437	215.917969
2289.794939	0.858110	117.773437	215.917969
2289.796937	1.139366	117.773437	215.917969
2289.798938	1.394380	117.773437	215.917969
2289.800937	1.471743	117.773437	215.917969
2289.802939	1.467632	16.143955	0.160009
2290.830973	0.320676	-65.136719	-157.421875
2290.832974	0.625104	-65.136719	-157.421875
2290.834973	0.919143	-65.136719	-157.421875
2290.836975	1.195991	-65.136719	-157.421875
2290.838973	1.431156	-65.136719	-157.421875
2290.844971	1.463784	-65.136719	-157.421875
2290.846974	1.462047	16.082521	0.138149
2291.869031	0.317385	122.949219	217.089844
2291.871033	0.621874	122.949219	217.089844
2291.873032	0.915964	122.949219	217.089844
2291.875032	1.192931	122.949219	217.089844
2291.877033	1.429244	122.949219	217.089844
2291.879033	1.469261	122.949219	217.089844
2291.881031	1.465674	16.122410	0.156567
2292.911056	0.795965	-70.605469	-157.519531
2292.913059	1.081241	-70.605469	-157.519531
2292.915058	1.345867	-70.605469	-157.519531
2292.917058	1.471699	-70.605469	-157.519531
2292.919058	1.468155	16.149706	0.134075
2293.949116	0.754624	132.324219	218.066406
2293.951120	1.041957	132.324219	218.066406
2293.953127	1.309883	132.324219	218.066406
2293.955127	1.468957	132.324219	218.066406
2293.957128	1.467774	16.145514	0.152972
2294.986113	0.398704	-32.421875	-159.667969
2294.990114	0.990649	-32.421875	-159.667969
2294.992116	1.262248	-32.421875	-159.667969
2294.994121	1.459120	-32.421875	-159.667969
2294.996128	1.468472	-32.421875	-159.667969
2294.998133	1.465370	16.119070	0.133765
2296.024176	0.356774	123.730469	217.773437
2296.026183	0.659861	123.730469	217.773437
2296.028183	0.952906	123.730469	217.773437
2296.030183	1.227224	123.730469	217.773437
2296.032186	1.446332	123.730469	217.773437
2296.034185	1.468827	123.730469	217.773437
2296.036182	1.465480	16.120283	0.154336
2297.064228	0.577812	7.714844	-162.500000
2297.066229	0.874190	7.714844	-162.500000
2297.068229	1.154272	7.714844	-162.500000
2297.070228	1.404676	7.714844	-162.500000
2297.072230	1.469808	7.714844	-162.500000
2297.074230	1.465807	16.123873	0.137158
2298.100790	1.899272	119.824219	217.773437
2298.104787	0.619497	119.824219	217.773437
2298.106789	1.183125	119.824219	217.773437
2298.108788	1.423628	119.824219	217.773437
2298.110789	1.469526	119.824219	217.773437
2298.112789	1.465773	16.123501	0.158302
2299.142842	0.826772	11.035156	-163.476562
2299.144843	1.110208	11.035156	-163.476562
2299.146843	1.370875	11.035156	-163.476562
2299.148844	1.472478	11.035156	-163.476562
2299.150843	1.468520	16.153721	0.128316
2300.179793	0.505882	120.019531	217.578125
2300.181793	0.804688	120.019531	217.578125
2300.183793	1.089596	120.019531	217.578125
2300.185792	1.353164	120.019531	217.578125
2300.187794	1.471653	120.019531	217.578125
2300.189794	1.467939	16.147331	0.151491
2301.217898	0.510150	8.496094	-164.355469
2301.221898	1.093502	8.496094	-164.355469
2301.223900	1.356514	8.496094	-164.355469
2301.225900	1.361703	8.496094	-164.355469
2301.227900	1.468017	16.148191	0.138169
2302.256925	0.460561	120.898437	218.457031
2302.258927	0.760716	120.898437	218.457031
2302.260931	1.047768	120.898437	218.457031
2302.262929	1.315478	120.898437	218.457031
2302.264931	1.469586	120.898437	218.457031
2302.266929	1.468010	16.148111	0.153242
2303.293034	0.276174	-77.832031	-160.156250
2303.297036	0.878269	-77.832031	-160.156250
2303.299036	1.158011	-77.832031	-160.156250
2303.301042	1.407761	-77.832031	-160.156250
2303.303047	1.470276	-77.832031	-160.156250
2303.305044	1.466372	16.130095	0.137395
2304.337111	0.832172	114.648437	217.187500
2304.339115	1.115266	114.648437	217.187500
2304.341118	1.375433	114.648437	217.187500
2304.343121	1.471828	114.648437	217.187500
2304.345122	1.467799	16.145790	0.175271
2305.371162	0.538234	-1.757812	-166.210937
2305.373163	0.836158	-1.757812	-166.210937
2305.375166	1.119004	-1.757812	-166.210937
2305.377169	1.378108	-1.757812	-166.210937
2305.379175	1.471376	-1.757812	-166.210937
2305.383177	1.464795	16.112741	0.175802
2306.412137	0.509989	129.003906	219.042969
2306.414139	0.808684	129.003906	219.042969
2306.416140	1.093210	129.003906	219.042969
2306.418139	1.356147	129.003906	219.042969
2306.420142	1.471318	129.003906	219.042969
2306.422139	1.467454	16.141996	0.152400
2307.446765	0.295397	-31.152344	-165.234375
2307.448768	0.600547	-31.152344	-165.234375
2307.450770	0.895724	-31.152344	-165.234375
2307.452769	1.174287	-31.152344	-165.234375
2307.454769	1.418006	-31.152344	-165.234375
2307.456768	1.469325	-31.152344	-165.234375
2307.458769	1.465481	16.120293	0.136517
2308.490783	0.578278	120.312500	219.042969
2308.492783	0.589515	120.312500	219.042969
2308.494783	1.154702	120.312500	219.042969
2308.498783	1.470380	120.312500	219.042969
2308.500785	1.466393	120.312500	219.042969
2308.502784	1.464077	16.104845	0.380270
2309.524854	0.437477	-16.210937	-166.015625
2309.526857	0.738201	-16.210937	-166.015625
2309.528856	1.026393	-16.210937	-166.015625
2309.530855	1.061500	-16.210937	-166.015625
2309.532856	1.466721	-16.210937	-166.015625
2309.534857	1.467902	-16.210937	-166.015625
2309.536856	1.465076	16.115835	0.130470
2310.567423	0.533923	128.320312	219.531250
2310.569425	0.831876	128.320312	219.531250
2310.571424	1.115010	128.320312	219.531250
2310.575424	1.471369	128.320312	219.531250
2310.577424	1.467237	128.320312	219.531250
2310.579429	1.464842	16.113266	0.155725
2311.603971	0.690618	-95.800781	-161.328125
2311.605973	0.981320	-95.800781	-161.328125
2311.607971	1.253504	-95.800781	-161.328125
2311.609973	1.456267	-95.800781	-161.328125
2311.611973	1.468498	-95.800781	-161.328125
2311.613974	1.465351	16.118856	0.132043
2312.643998	0.365823	122.460937	219.042969
2312.645999	0.668758	122.460937	219.042969
2312.649998	1.234266	122.460937	219.042969
2312.651998	1.449149	122.460937	219.042969
2312.654000	1.468606	122.460937	219.042969
2312.655998	1.465384	16.119221	0.155522
2313.678129	0.269051	-10.253906	-167.089844
2313.680131	0.575098	-10.253906	-167.089844
2313.682130	0.871621	-10.253906	-167.089844
2313.684131	0.886094	-10.253906	-167.089844
2313.688129	1.470159	-10.253906	-167.089844
2313.690131	1.466162	-10.253906	-167.089844
2313.692131	1.463877	16.102648	0.136620
2314.720710	0.249656	116.503906	218.554687
2314.722711	0.556483	116.503906	218.554687
2314.724711	0.853956	116.503906	218.554687
2314.726712	1.135553	116.503906	218.554687
2314.728712	1.391226	116.503906	218.554687
2314.730712	1.471032	116.503906	218.554687
2314.732713	1.466963	16.136591	0.158859
2315.758784	0.791564	-103.613281	-160.449219
2315.760784	1.077074	-103.613281	-160.449219
2315.762784	1.342129	-103.613281	-160.449219
2315.764784	1.470932	-103.613281	-160.449219
2315.766784	1.467548	16.143034	0.128549
2316.798815	0.393331	123.046875	219.921875
2316.800816	0.695258	123.046875	219.921875
2316.802815	0.985654	123.046875	219.921875
2316.804816	1.257582	123.046875	219.921875
2316.806815	1.457320	123.046875	219.921875
2316.808815	1.467984	123.046875	219.921875
2316.810817	1.464919	16.114107	0.156053
2317.832835	0.319505	-31.738281	-165.625000
2317.834836	0.623895	-31.738281	-165.625000
2317.836837	0.917909	-31.738281	-165.625000
2317.838835	1.194807	-31.738281	-165.625000
2317.840837	1.430079	-31.738281	-165.625000
2317.842837	1.468861	-31.738281	-165.625000
2317.844836	1.465316	16.118477	0.134640
2318.876868	0.487369	121.972656	219.531250
2318.878869	0.786653	121.972656	219.531250
2318.880870	1.072396	121.972656	219.531250
2318.882868	1.337904	121.972656	219.531250
2318.884870	1.470222	121.972656	219.531250
2318.886870	1.466931	16.136236	0.151618
2319.912972	0.728929	-10.937500	-166.406250
2319.914973	1.017555	-10.937500	-166.406250
2319.916974	1.287234	-10.937500	-166.406250
2319.918973	1.465330	-10.937500	-166.406250
2319.920973	1.468218	-10.937500	-166.406250
2319.922975	1.465246	16.117706	0.132053
2320.953517	0.483528	126.855469	219.921875
2320.955519	0.782964	126.855469	219.921875
2320.957519	1.068887	126.855469	219.921875
2320.961517	1.470612	126.855469	219.921875
2320.963520	1.467561	126.855469	219.921875
2320.965520	1.464854	16.113398	0.162122
2321.988092	0.379262	-18.066406	-164.746094
2321.990095	0.681762	-18.066406	-164.746094
2321.992093	0.972795	-18.066406	-164.746094
2321.994095	1.245695	-18.066406	-164.746094
2321.996093	1.453708	-18.066406	-164.746094
2321.998093	1.468714	-18.066406	-164.746094
2322.000093	1.465534	16.120878	0.135145
2323.030154	0.439558	131.152344	219.531250
2323.032154	0.740280	131.152344	219.531250
2323.034153	1.028358	131.152344	219.531250
2323.036156	1.297254	131.152344	219.531250
2323.038154	1.466668	131.152344	219.531250
2323.040157	1.467440	131.152344	219.531250
2323.042162	1.464622	16.110846	0.151961
2324.066181	0.439339	-58.691406	-161.914062
2324.068185	0.740031	-58.691406	-161.914062
2324.072182	1.297089	-58.691406	-161.914062
2324.074184	1.466964	-58.691406	-161.914062
2324.076186	1.467735	-58.691406	-161.914062
2324.078193	1.464878	16.113655	0.132425
2325.106279	0.316575	118.750000	217.871094
2325.110280	0.915217	118.750000	217.871094
2325.112279	1.192283	118.750000	217.871094
2325.116278	1.469430	118.750000	217.871094
2325.118279	1.465882	118.750000	217.871094
2325.120285	1.463689	16.100574	0.155195
2326.144320	0.506438	-0.878906	-164.941406
2326.146322	0.805223	-0.878906	-164.941406
2326.148323	1.090016	-0.878906	-164.941406
2326.150323	1.353598	-0.878906	-164.941406
2326.152323	1.358632	-0.878906	-164.941406
2326.154323	1.468536	16.153898	0.130081
2327.183267	0.325261	115.917969	216.992187
2327.185269	0.629484	115.917969	216.992187
2327.187268	0.923176	115.917969	216.992187
2327.189268	1.199741	115.917969	216.992187
2327.191268	1.433243	115.917969	216.992187
2327.193269	1.469604	115.917969	216.992187
2327.195267	1.466085	16.126940	0.166206
2328.221310	0.438854	-47.851562	-161.621094
2328.223312	0.739617	-47.851562	-161.621094
2328.225312	0.747116	-47.851562	-161.621094
2328.227314	1.296689	-47.851562	-161.621094
2328.229313	1.467446	-47.851562	-161.621094
2328.231314	1.468482	-47.851562	-161.621094
2328.235311	1.463716	16.100876	0.132185
2329.261375	0.505533	122.558594	217.480469
2329.263376	0.804354	122.558594	217.480469
2329.265376	1.089161	122.558594	217.480469
2329.267378	1.352666	122.558594	217.480469
2329.269377	1.471699	122.558594	217.480469
2329.271377	1.468004	16.148041	0.150404
2330.303436	1.121563	-91.308594	-157.519531
2330.305438	1.380243	-91.308594	-157.519531
2330.307437	1.471626	-91.308594	-157.519531
2330.309438	1.467497	16.142467	0.188939
2331.339516	0.650990	131.347656	217.773437
2331.341515	0.943627	131.347656	217.773437
2331.343515	1.218614	131.347656	217.773437
2331.345515	1.442497	131.347656	217.773437
2331.347517	1.468858	131.347656	217.773437
2331.349516	1.465486	16.120346	0.153447
2332.376478	0.442804	-61.621094	-159.082031
2332.378477	0.743410	-61.621094	-159.082031
2332.380480	1.031279	-61.621094	-159.082031
2332.382479	1.300013	-61.621094	-159.082031
2332.384478	1.468347	-61.621094	-159.082031
2332.386481	1.468888	-61.621094	-159.082031
2332.388479	1.465923	16.125158	0.131872
2333.416585	0.672176	125.781250	217.285156
2333.418587	0.963722	125.781250	217.285156
2333.420587	1.237246	125.781250	217.285156
2333.422587	1.450431	125.781250	217.285156
2333.424586	1.468704	125.781250	217.285156
2333.428584	1.463393	16.097321	0.155244
2334.455162	0.631771	-94.433594	-156.445312
2334.457163	0.925421	-94.433594	-156.445312
2334.459164	1.201702	-94.433594	-156.445312
2334.461165	1.434079	-94.433594	-156.445312
2334.463165	1.469231	-94.433594	-156.445312
2334.465165	1.465715	16.122864	0.636295
2335.491255	0.288095	118.164062	216.308594
2335.493257	0.593579	118.164062	216.308594
2335.495257	0.889115	118.164062	216.308594
2335.497257	1.168164	118.164062	216.308594
2335.499257	1.414207	118.164062	216.308594
2335.501258	1.469867	118.164062	216.308594
2335.503258	1.466024	16.126266	0.157685
2336.533299	0.772391	14.550781	-162.109375
2336.535302	1.058835	14.550781	-162.109375
2336.537300	1.325511	14.550781	-162.109375
2336.539302	1.470156	14.550781	-162.109375
2336.541301	1.467594	16.143538	0.139251
2337.570225	0.560647	126.074219	217.480469
2337.572225	0.857902	126.074219	217.480469
2337.574224	1.139140	126.074219	217.480469
2337.576224	1.393858	126.074219	217.480469
2337.578225	1.470648	126.074219	217.480469
2337.580225	1.466649	16.133144	0.308924
