time (s)	energy (uJ)	charge (mC)	voltage (mV)	crossing#mod 255
2043.639884	42.936527	0.016102	2.666520	135
2044.679546	46.520161	0.016121	2.885707	136
2045.718082	38.667900	0.016121	2.398563	137
2046.757805	39.674316	0.016121	2.460975	138
2047.794495	35.787720	0.016136	2.217841	139
2048.832591	43.102703	0.016158	2.667530	140
2049.871335	42.831326	0.016142	2.653414	141
2050.912937	43.239723	0.016148	2.677767	142
2051.949240	38.106876	0.016136	2.361656	143
2052.987692	41.744785	0.016129	2.588245	144
2054.025269	35.862385	0.016150	2.220551	145
2055.065233	41.504978	0.016150	2.569988	146
2056.103549	39.000893	0.016116	2.419941	147
2057.143571	42.843319	0.016113	2.658866	148
2058.181764	37.188072	0.016123	2.306499	149
2059.219602	29.957930	0.016120	1.858456	150
2060.257068	35.406315	0.016122	2.196209	151
2061.297606	41.556641	0.016185	2.567660	152
2062.334667	39.745571	0.016128	2.464433	153
2063.375408	44.433815	0.016124	2.755774	154
2064.412309	183.787018	0.016135	11.390529	155
2065.452873	42.099739	0.016128	2.610426	156
2066.487107	38.209190	0.016124	2.369729	157
2067.532959	41.355839	0.016108	2.567387	158
2068.565255	39.578812	0.016128	2.454039	159
2069.608969	31.460690	0.016118	1.951910	160
2070.641526	37.005630	0.016134	2.293598	161
2071.685283	41.714874	0.016121	2.587641	162
2072.718678	35.795448	0.016117	2.220932	163
2073.763179	41.866486	0.016116	2.597890	164
2074.797189	37.137669	0.016153	2.299054	165
2075.842529	39.631577	0.016148	2.454257	166
2076.873817	37.090366	0.016113	2.301854	167
2077.916891	41.464367	0.016127	2.571064	168
2078.950789	38.499542	0.016124	2.387752	169
2079.995671	41.329144	0.016122	2.563485	170
2081.030195	38.409279	0.016159	2.377021	171
2082.072428	42.005077	0.016139	2.602765	172
2083.108952	34.159554	0.016118	2.119310	173
2084.148508	39.988808	0.016114	2.481631	174
2085.184225	126.646378	0.016136	7.848713	175
2086.225849	41.590874	0.016121	2.579927	176
2087.264225	35.377350	0.016154	2.190063	177
2088.301737	41.643642	0.016093	2.587666	178
2089.339821	36.906689	0.016145	2.286008	179
2090.378412	40.607239	0.016118	2.519363	180
2091.416703	37.870132	0.016128	2.348053	181
2092.456881	41.797607	0.016121	2.592774	182
2093.494029	37.589329	0.016102	2.334518	183
2094.532490	42.581615	0.016120	2.641488	184
2095.571394	36.207386	0.016117	2.246489	185
2096.609996	40.891792	0.016092	2.541055	186
2097.649864	37.078171	0.016142	2.296979	187
2098.687968	41.707584	0.016112	2.588577	188
2099.727537	157.820480	0.016131	9.783850	189
2100.764418	41.649399	0.016128	2.582429	190
2101.803317	34.897930	0.016150	2.160888	191
2102.842030	40.615356	0.016124	2.518998	192
2103.882657	35.433926	0.016129	2.196959	193
2104.920162	40.521240	0.016115	2.514457	194
2105.958118	36.639149	0.016143	2.269604	195
2106.996593	42.866722	0.016099	2.662706	196
2108.034376	36.626259	0.016114	2.273005	197
2109.075724	39.485847	0.016142	2.446178	198
2110.112719	34.788952	0.016127	2.157232	199
2111.154525	39.488171	0.016127	2.448521	200
2112.189302	35.616692	0.016120	2.209471	201
2113.229800	40.316700	0.016089	2.505900	202
2114.265496	35.977020	0.016125	2.231073	203
2115.308990	35.562885	0.016141	2.203212	204
2116.342321	35.455814	0.016121	2.199300	205
2117.386472	38.366955	0.016150	2.375600	206
2118.420333	35.910069	0.016145	2.224204	207
2119.462366	40.464081	0.016123	2.509773	208
2120.498346	33.697769	0.016110	2.091731	209
2121.540492	41.105476	0.016145	2.545995	210
2122.574994	34.733978	0.016144	2.151472	211
2123.617518	40.234440	0.016077	2.502632	212
2124.651588	34.561970	0.016115	2.144744	213
2125.694247	39.819073	0.016123	2.469678	214
2126.728683	25.955208	0.016117	1.610389	215
2127.770979	40.581581	0.016165	2.510459	216
2128.752110	136.069321	0.016124	8.439132	217
2129.848454	39.595665	0.016143	2.452740	218
2130.883307	35.083355	0.016118	2.176607	219
2131.926262	38.505123	0.016128	2.387403	220
2132.961458	35.079933	0.016092	2.179953	221
2134.002767	39.897060	0.016125	2.474202	222
2135.038900	34.551273	0.016113	2.144302	223
2136.079195	34.581863	0.016149	2.141385	224
2137.117142	34.999649	0.016117	2.171549	225
2138.157356	38.017952	0.016143	2.355127	226
2139.193763	37.146061	0.016116	2.304847	227
2140.234929	38.721798	0.016102	2.404799	228
2141.272166	33.883801	0.016144	2.098907	229
2142.310484	39.341373	0.016133	2.438566	230
2143.348935	36.479977	0.016126	2.262239	231
2144.387961	39.568676	0.016123	2.454218	232
2145.426348	34.423325	0.016121	2.135354	233
2146.466829	37.426632	0.016150	2.317510	234
2147.503571	25.824167	0.016123	1.601694	235
2148.543535	37.957043	0.016094	2.358479	236
2149.580811	34.149685	0.016122	2.118249	237
2150.619521	39.396988	0.016133	2.441995	238
2151.657394	34.800762	0.016146	2.155337	239
2152.696146	40.792004	0.016095	2.534413	240
2153.734379	34.758999	0.016124	2.155790	241
2154.773244	39.682671	0.016140	2.458638	242
2155.812246	33.852871	0.016131	2.098652	243
2156.851171	40.684479	0.016123	2.523329	244
2157.889874	33.113556	0.016116	2.054643	245
2158.931164	37.957035	0.016119	2.354849	246
2159.965115	29.835835	0.016123	1.850490	247
2161.006928	40.013138	0.016099	2.485366	248
2162.042699	34.460300	0.016143	2.134719	249
2163.084691	38.665668	0.016145	2.394881	250
2164.119210	33.674156	0.016118	2.089218	251
2165.162572	39.098385	0.016142	2.422173	252
2166.196720	32.565228	0.016186	2.011954	253
2167.239071	39.527740	0.016120	2.452142	254
2168.265987	40.417149	0.016114	2.508179	255
2169.317867	37.581100	0.016144	2.327913	0
2170.351218	33.905155	0.016135	2.101292	1
2171.393984	39.001026	0.016122	2.419167	2
2172.428822	32.889046	0.016121	2.040084	3
2173.471496	38.419472	0.016154	2.378373	4
2174.505779	32.867081	0.016153	2.034745	5
2175.550067	37.657597	0.016097	2.339410	6
2176.582699	33.540829	0.016119	2.080834	7
2177.624842	39.663303	0.016127	2.459486	8
2178.660519	34.670086	0.016113	2.151640	9
2179.701192	39.625599	0.016127	2.457038	10
2180.737347	34.745110	0.016123	2.155032	11
2181.780270	37.307316	0.016138	2.311730	12
2182.816198	34.004608	0.016150	2.105568	13
2183.857170	36.886280	0.016130	2.286871	14
2184.892897	34.423775	0.016095	2.138738	15
2185.932982	37.611530	0.016144	2.329800	16
2186.970836	33.940754	0.016120	2.105455	17
2188.007890	41.880184	0.016121	2.597915	18
2189.049557	33.487709	0.016137	2.075170	19
2190.086992	119.966232	0.016148	7.429049	20
2191.125517	33.810062	0.016116	2.097959	21
2192.163642	39.460224	0.016118	2.448169	22
2193.203470	34.720253	0.016120	2.153816	23
2194.244878	34.717445	0.016132	2.152081	24
2195.282458	32.143917	0.016116	1.994484	25
2196.318409	38.842983	0.016136	2.407234	26
2197.357205	35.877899	0.016101	2.228299	27
2198.395268	38.946594	0.016170	2.408595	28
2199.435201	33.864395	0.016142	2.097861	29
2200.474342	38.100971	0.016090	2.368005	30
2201.513307	31.992424	0.016145	1.981621	31
2202.550446	39.850170	0.016112	2.473304	32
2203.589738	32.167175	0.016120	1.995528	33
2204.629415	37.075962	0.016092	2.303934	34
2205.665121	33.914654	0.016137	2.101661	35
2206.705187	39.970215	0.016114	2.480489	36
2207.742815	32.747070	0.016121	2.031384	37
2208.783216	38.188358	0.016116	2.369552	38
2209.819371	30.326574	0.016122	1.881014	39
2210.851892	48.921352	0.016138	3.031407	40
2211.902944	27.926289	0.016116	1.732783	41
2212.938334	38.500031	0.016156	2.382981	42
2213.973769	33.404869	0.016140	2.069649	43
2215.016143	38.711185	0.016111	2.402791	44
2216.049810	33.240788	0.016119	2.062186	45
2217.095349	36.312210	0.016133	2.250777	46
2218.126921	34.233139	0.016120	2.123583	47
2219.171578	37.226189	0.016099	2.312268	48
2220.204691	34.340710	0.016122	2.130087	49
2221.248168	37.603046	0.016175	2.324771	50
2222.283715	32.191063	0.016150	1.993306	51
2223.324903	38.217075	0.016103	2.373290	52
2224.361214	31.378082	0.016143	1.943759	53
2225.412500	28.334381	0.016112	1.758556	54
2226.438589	32.384209	0.016103	2.011094	55
2227.480052	37.821728	0.016113	2.347246	56
2228.514615	33.040962	0.016113	2.050615	57
2229.556552	38.075729	0.016121	2.361887	58
2230.593350	32.628952	0.016137	2.021995	59
2231.632328	38.845974	0.016119	2.409941	60
2232.670528	32.150227	0.016120	1.994427	61
2233.710084	37.780331	0.016140	2.340768	62
2234.748178	33.591461	0.016169	2.077522	63
2235.786638	38.424049	0.016125	2.382826	64
2236.824748	34.096924	0.016126	2.114445	65
2237.863077	37.903290	0.016128	2.350128	66
2238.902725	23.910723	0.016118	1.483485	67
2239.940776	38.609840	0.016116	2.395711	68
2240.979984	34.182957	0.016121	2.120352	69
2242.017577	28.730192	0.016100	1.784521	70
2243.057321	32.372108	0.016108	2.009684	71
2244.095446	37.236343	0.016114	2.310781	72
2245.136349	30.939167	0.016124	1.918769	73
2246.173318	36.832256	0.016116	2.285494	74
2247.210746	32.491932	0.016108	2.017130	75
2248.251204	36.022655	0.016115	2.235317	76
2249.289389	32.302670	0.016120	2.003844	77
2250.327950	36.714520	0.016142	2.274451	78
2251.366004	31.861757	0.016137	1.974504	79
2252.405601	37.341686	0.016120	2.316467	80
2253.442519	32.243973	0.016119	2.000358	81
2254.483213	37.028961	0.016095	2.300630	82
2255.520958	32.122826	0.016127	1.991829	83
2256.559621	34.371365	0.016134	2.130409	84
2257.596959	31.694004	0.016146	1.962969	85
2258.637771	37.133183	0.016114	2.304463	86
2259.673134	32.012131	0.016144	1.982851	87
2260.715986	37.176388	0.016128	2.305108	88
2261.751427	30.744881	0.016121	1.907153	89
2262.792555	37.809269	0.016118	2.345809	90
2263.828016	31.927633	0.016123	1.980219	91
2264.870871	36.547050	0.016144	2.263802	92
2265.904461	31.645241	0.016133	1.961508	93
2266.947573	37.773693	0.016137	2.340785	94
2267.982484	32.548805	0.016147	2.015740	95
2269.025186	36.714508	0.016171	2.270391	96
2270.059819	77.739525	0.016145	4.815107	97
2271.102068	37.403473	0.016152	2.315743	98
2272.137614	32.459526	0.016124	2.013091	99
2273.179747	37.206600	0.016123	2.307735	100
2274.213892	30.494053	0.016120	1.891699	101
2275.255152	37.738197	0.016153	2.336306	102
2276.292348	32.237427	0.016156	1.995440	103
2277.332778	36.779137	0.016121	2.281397	104
2278.370188	32.175110	0.016129	1.994801	105
2279.410278	37.237164	0.016136	2.307709	106
2280.447137	32.880657	0.016127	2.038796	107
2281.486686	37.467545	0.016112	2.325454	108
2282.524799	33.705185	0.016117	2.091288	109
2283.563242	36.900150	0.016119	2.289192	110
2284.603697	30.608332	0.016143	1.896026	111
2285.667945	15.152258	0.016145	0.938527	112
2286.680368	32.253506	0.016128	1.999886	113
2287.719507	36.102516	0.016123	2.239126	114
2288.758442	26.825720	0.016137	1.662331	115
2289.794204	37.276218	0.016144	2.308989	116
2290.833963	34.128937	0.016083	2.122113	117
2291.872110	36.962589	0.016122	2.292622	118
2292.912562	32.160736	0.016150	1.991413	119
2293.950754	36.235050	0.016146	2.244280	120
2294.988281	32.208427	0.016119	1.998157	121
2296.027079	36.596897	0.016120	2.270239	122
2297.066391	31.750462	0.016124	1.969159	123
2298.091505	50.685013	0.016124	3.143549	124
2299.144251	30.475004	0.016154	1.886563	125
2300.182189	36.060204	0.016147	2.233199	126
2301.219917	32.194912	0.016148	1.993716	127
2302.259398	36.466686	0.016148	2.258263	128
2303.295507	33.529785	0.016130	2.078710	129
2304.338501	35.148827	0.016146	2.176965	130
2305.373440	32.603741	0.016113	2.023476	131
2306.414521	36.484409	0.016142	2.260217	132
2307.449734	32.144573	0.016120	1.994044	133
2308.493422	198.130630	0.016105	12.302548	134
2309.527968	30.697382	0.016116	1.904796	135
2310.569502	36.656288	0.016113	2.274914	136
2311.605783	30.462656	0.016119	1.889877	137
2312.646312	37.164986	0.016119	2.305632	138
2313.681552	32.211960	0.016103	2.000414	139
2314.723876	39.080200	0.016137	2.421837	140
2315.760300	30.813475	0.016143	1.908778	141
2316.801477	36.712017	0.016114	2.278253	142
2317.835848	31.299458	0.016118	1.941837	143
2318.879249	36.230022	0.016136	2.245259	144
2319.914664	31.457840	0.016118	1.951757	145
2320.955686	37.940151	0.016113	2.354572	146
2321.990801	31.804865	0.016121	1.972899	147
2323.032803	35.740395	0.016111	2.218406	148
2324.068174	31.710476	0.016114	1.967926	149
2325.108762	39.011162	0.016101	2.422967	150
2326.146955	32.053642	0.016154	1.984267	151
2327.186266	38.301094	0.016127	2.374976	152
2328.224500	31.216377	0.016101	1.938800	153
2329.263774	35.699852	0.016148	2.210785	154
2330.303917	29.477709	0.016142	1.826097	155
2331.341451	35.881714	0.016120	2.225865	156
2332.378986	31.275978	0.016125	1.939577	157
2333.418440	36.475319	0.016097	2.265925	158
2334.457159	259.240509	0.016123	16.079062	159
2335.494305	36.522388	0.016126	2.264776	160
2336.534878	31.042446	0.016144	1.922902	161
2337.572443	35.828159	0.016133	2.220780	162
