num crossings	time (s)	maj axis (mm)	min axis (mm)	theta (rad )	slope (V/s)
2575	3390.386944	43.749343	-8.828443	1.220717	2.778683
2577	3392.463852	43.371625	-8.843787	1.218471	2.875051
2579	3394.539619	43.295556	-8.889103	1.215953	3.356757
2581	3396.622037	38.981108	-4.038173	1.271427	2.862090
2583	3398.697988	49.927801	9.718930	1.193585	2.907789
2585	3400.779483	43.479442	-9.998198	1.206136	3.299082
2587	3402.856091	37.641161	-3.231908	1.287605	3.057038
2589	3404.935559	49.524197	9.653203	1.194773	2.820563
2591	3407.013851	48.883462	11.080894	1.198689	3.235997
2593	3409.086942	49.252038	9.735691	1.195039	2.855039
2595	3411.166006	49.011987	9.784728	1.191567	3.024154
2597	3413.242792	48.816411	9.914176	1.191942	3.200510
2599	3415.317053	49.167487	9.922381	1.192919	2.836551
2601	3417.397318	48.963251	10.117077	1.193408	3.035070
2603	3419.471900	48.920911	10.299062	1.188166	3.109042
2605	3421.546523	43.982986	-10.284113	1.195852	2.889874
2607	3423.625370	37.549896	-9.904645	1.299434	3.043010
2609	3425.698509	49.337920	10.080483	1.188923	3.023285
2611	3427.774685	43.821274	-10.269179	1.194963	2.947885
2613	3429.852643	36.912444	-11.008000	1.307060	3.220516
2615	3431.927427	49.302254	10.049504	1.190936	2.991631
2617	3434.003942	49.423343	10.085598	1.190788	2.975577
2619	3436.080519	49.027826	11.131580	1.200683	3.150691
2621	3438.154699	42.964359	-10.183958	1.206436	2.860516
2623	3440.231912	32.845838	-6.543723	1.258759	3.106888
2625	3442.307168	49.295957	10.022723	1.196994	3.093765
2627	3444.381905	49.183291	11.259634	1.206844	2.874021
2629	3446.458548	49.510800	10.043531	1.208509	3.115642
2631	3448.531927	49.191551	11.148988	1.211990	3.061998
2633	3450.608647	44.124468	-10.582784	1.167856	2.938383
2635	3452.683511	49.811001	10.670754	1.212700	3.076885
2637	3454.756863	49.195363	10.007074	1.212371	2.986807
2639	3456.833020	49.705207	9.990387	1.210812	2.931260
2641	3458.906835	50.096798	11.832951	1.221964	3.165015
2643	3460.980390	49.625284	10.215636	1.210930	3.009110
2645	3463.054558	50.232588	10.709948	1.216206	3.076658
2647	3465.127710	44.260033	-10.429225	1.174794	3.094856
2649	3467.200971	50.154258	10.342005	1.202954	2.985151
2651	3469.273809	50.201243	10.606267	1.202950	3.036584
2653	3471.351331	50.163116	11.152839	1.208253	2.890565
2655	3473.424613	50.171120	10.552735	1.196220	3.033488
2657	3475.502819	50.488791	10.458196	1.195378	3.006785
2659	3477.581054	50.365220	10.977752	1.192219	2.901108
2661	3479.658827	50.335567	11.468371	1.196577	2.978522
2663	3481.737166	50.076421	11.146248	1.194160	2.983308
2665	3483.814789	50.141845	10.652522	1.189467	2.959158
2667	3485.891117	50.091184	11.502448	1.187482	2.901846
2669	3487.966035	45.830483	-10.577160	1.207479	2.914464
2671	3490.041681	45.985659	-7.054215	1.338843	2.969839
2673	3492.114157	50.112628	10.846228	1.192411	3.011028
2675	3494.190972	50.655991	11.115325	1.197134	2.907319
2677	3496.264172	44.824011	-11.039171	1.175587	2.947167
2679	3498.338100	50.384481	12.613593	1.211785	2.902242
2681	3500.413132	46.884350	-10.511407	1.226415	2.855367
2683	3502.489178	41.111125	-10.514878	1.233190	3.060540
2685	3504.567775	40.934350	-5.307522	1.315192	3.057606
2687	3506.645015	50.093374	11.990032	1.229187	3.013750
2689	3508.722984	49.910812	10.511967	1.219562	3.058521
2691	3510.801134	49.863316	10.411323	1.221357	2.984044
2693	3512.878640	50.212143	10.402684	1.224034	3.096097
2695	3514.955398	49.931811	10.417066	1.224159	3.071013
2697	3517.031758	45.738730	-10.773416	1.236354	3.128136
2699	3519.107767	45.012001	-9.671956	1.215935	3.026445
2701	3521.184025	49.509945	10.533113	1.227023	3.131202
2703	3523.259600	49.833903	10.509774	1.225676	3.034999
2705	3525.333580	49.640016	10.591759	1.227572	3.045752
2707	3527.409178	49.612269	11.465790	1.229264	3.062692
2709	3529.484208	49.598663	10.547442	1.224344	3.039407
2711	3531.558482	49.960566	10.681994	1.228603	3.120649
2713	3533.632202	50.219161	10.847602	1.226601	3.151322
2715	3535.708143	50.161237	10.742397	1.220005	3.051614
2717	3537.782797	50.134726	10.824252	1.217243	3.056712
2719	3539.858389	50.402997	10.911234	1.214492	2.932230
2721	3541.933933	50.376315	11.057515	1.213553	3.053020
2723	3544.011816	50.637838	12.940640	1.225082	3.040830
2725	3546.089749	50.353502	13.449779	1.225713	3.057441
2727	3548.166758	50.459081	11.525481	1.209293	2.956049
2729	3550.244146	50.457943	12.024124	1.210894	2.911624
2731	3552.322683	50.514611	11.491567	1.208155	3.013508
2733	3554.398124	49.925567	11.165482	1.203836	2.935977
2735	3556.474639	50.084016	12.060340	1.215799	2.930939
2737	3558.548507	50.491313	11.342563	1.206163	2.952102
2739	3560.623437	45.925837	-10.974148	1.229293	3.032866
2741	3562.698657	36.124537	-14.853144	1.368636	2.935690
2743	3564.772027	50.895441	11.043014	1.216722	3.022435
2745	3566.847348	50.501900	13.356208	1.233045	3.061010
2747	3568.922319	50.801619	11.422497	1.224209	2.986180
2749	3570.998857	50.601200	10.935357	1.225558	2.988739
2751	3573.075087	50.305646	10.839767	1.230462	2.944206
2753	3575.152135	50.593099	11.254263	1.237684	3.035768
2755	3577.228520	50.283461	11.379018	1.235651	3.021619
2757	3579.305933	50.193196	10.658523	1.231034	3.090529
2759	3581.381879	49.995646	11.238246	1.241916	3.079931
2761	3583.458856	50.079400	11.779584	1.242426	3.084170
2763	3585.535085	49.973799	10.705208	1.240359	3.619013
2765	3587.611018	50.257762	11.415223	1.246323	3.096309
2767	3589.686139	50.472387	12.057255	1.246399	3.037381
2769	3591.761938	50.048313	11.060679	1.240462	2.986210
2771	3593.836281	50.092094	11.369313	1.241602	3.055224
2773	3595.911685	44.336777	-11.333317	1.194278	3.025326
2775	3597.987178	50.353427	11.422293	1.240323	3.017169
2777	3600.061615	50.106382	12.119139	1.245140	3.082391
2779	3602.137838	50.530486	11.075295	1.237774	2.994751
2781	3604.212726	50.514248	11.329918	1.233328	3.070776
2783	3606.289680	50.346482	11.171759	1.231337	2.827399
2785	3608.367339	43.845063	-10.110532	1.269674	2.947811
2787	3610.444727	41.586754	-14.992703	1.391025	2.922735
2789	3612.522734	49.912212	11.425987	1.223780	2.970438
2791	3614.600112	50.314561	11.561804	1.222139	2.944132
2793	3616.677335	49.805494	11.280779	1.224750	2.930370
2795	3618.753329	49.955272	11.342655	1.222132	2.960344
2797	3620.829052	50.355685	11.391427	1.223923	2.936657
2799	3622.902467	50.248114	11.395737	1.224575	2.916605
2801	3624.977713	45.927425	-11.197540	1.247556	3.015842
2803	3627.052256	38.012949	-14.344828	1.411338	2.881834
2805	3629.126949	49.927227	11.350452	1.232588	2.917099
2807	3631.203637	50.362902	11.282163	1.239542	2.914345
2809	3633.279884	50.498698	11.497911	1.247706	3.019469
2811	3635.355449	44.266867	-11.557450	1.205653	3.051173
2813	3637.430536	49.966154	11.243415	1.248565	3.079085
2815	3639.508209	50.373060	11.909337	1.250274	2.977115
2817	3641.584771	50.482895	12.103268	1.259647	3.063653
2819	3643.660613	50.128647	11.637468	1.257066	3.066233
2821	3645.737041	44.237242	-11.542081	1.207775	2.959299
2823	3647.813900	50.262936	11.253611	1.255242	2.957067
2825	3649.888711	50.477426	11.267922	1.250113	3.084419
2827	3651.965011	50.200560	11.401790	1.255658	2.941695
2829	3654.040485	50.186929	12.478850	1.258509	2.942774
2831	3656.116081	50.455836	11.934543	1.257134	3.077481
2833	3658.191245	50.217380	11.528773	1.255022	3.063423
2835	3660.266807	50.187653	11.513642	1.251451	3.019788
2837	3662.342642	50.304310	11.304305	1.249178	3.052278
2839	3664.418547	50.950434	12.172892	1.251182	2.953671
2841	3666.492588	50.551472	11.907863	1.245327	2.897231
2843	3668.570609	46.334742	-11.450141	1.262499	2.998477
2845	3670.649442	37.146826	-8.435234	1.350954	3.014235
2847	3672.727002	50.114825	11.524734	1.241044	2.953846
2849	3674.804237	50.598844	11.678155	1.240521	2.809613
2851	3676.880082	50.294534	11.613237	1.239542	2.973645
2853	3678.955654	50.262803	12.328458	1.246998	3.019450
2855	3681.031659	50.319001	12.365138	1.243301	2.927731
2857	3683.106540	50.489260	11.739488	1.243748	2.908084
2859	3685.181818	50.576944	11.522749	1.248049	2.937886
2861	3687.255375	50.913856	11.589137	1.250271	2.919542
2863	3689.331818	46.294789	-11.448642	1.268254	3.037661
2865	3691.406060	39.269857	-6.974979	1.380802	2.953032
2867	3693.481393	48.820533	-11.227048	1.276577	2.839277
2869	3695.557866	38.213036	-6.273935	1.370653	2.988225
