time (s)	coil I (A)	last det (V)	int current (uC)
1606.050513	3.257312	-227.343750	-146.777344
1606.052514	3.257230	-227.343750	-146.777344
1606.054515	3.256496	-227.343750	-146.777344
1606.058513	3.254035	35.794380	0.063324
1607.084527	0.401312	112.402344	201.074219
1607.086528	0.692940	112.402344	201.074219
1607.088529	0.975161	112.402344	201.074219
1607.090527	1.241433	112.402344	201.074219
1607.092528	1.423410	112.402344	201.074219
1607.094529	1.427439	112.402344	201.074219
1607.096528	1.423631	15.659941	0.076843
1608.123436	0.562158	-210.644531	-149.902344
1608.125438	0.851154	-210.644531	-149.902344
1608.127438	1.126419	-210.644531	-149.902344
1608.129438	1.371414	-210.644531	-149.902344
1608.131439	1.433002	-210.644531	-149.902344
1608.133439	1.428185	15.710039	0.058354
1609.159474	0.278533	101.171875	198.925781
1609.161476	0.575005	101.171875	198.925781
1609.163475	0.863922	101.171875	198.925781
1609.165475	1.138733	101.171875	198.925781
1609.167477	1.380628	101.171875	198.925781
1609.169477	1.435102	101.171875	198.925781
1609.171475	1.430431	15.734738	0.068412
1610.201483	0.521421	-220.019531	-150.097656
1610.203484	0.812206	-220.019531	-150.097656
1610.205485	1.090551	-220.019531	-150.097656
1610.207485	1.346167	-220.019531	-150.097656
1610.209483	1.438420	-220.019531	-150.097656
1610.211484	1.433325	15.766572	0.093412
1611.239549	0.427324	99.316406	200.585937
1611.241552	0.720657	99.316406	200.585937
1611.243556	1.003365	99.316406	200.585937
1611.247559	1.437077	99.316406	200.585937
1611.249561	1.436875	99.316406	200.585937
1611.251560	1.433303	15.766333	0.074697
1612.277648	0.373895	-181.542969	-155.175781
1612.279650	0.668932	-181.542969	-155.175781
1612.281651	0.954361	-181.542969	-155.175781
1612.283650	1.223596	-181.542969	-155.175781
1612.285654	1.425628	-181.542969	-155.175781
1612.287658	1.437765	-181.542969	-155.175781
1612.289657	1.433864	15.772500	0.063445
1613.317671	0.470535	95.605469	199.316406
1613.319673	0.763525	95.605469	199.316406
1613.321674	1.044729	95.605469	199.316406
1613.323672	1.307905	95.605469	199.316406
1613.325672	1.442851	95.605469	199.316406
1613.327672	1.438610	15.824708	0.068304
1614.353727	0.455940	-209.277344	-153.710937
1614.355731	0.749450	-209.277344	-153.710937
1614.357732	1.031587	-209.277344	-153.710937
1614.359730	1.295799	-209.277344	-153.710937
1614.361736	1.308592	-209.277344	-153.710937
1614.363735	1.439473	15.834200	0.055830
1615.393831	1.748197	98.046875	203.125000
1615.395832	0.541343	98.046875	203.125000
1615.397833	0.833181	98.046875	203.125000
1615.399832	1.111394	98.046875	203.125000
1615.401834	1.363924	98.046875	203.125000
1615.403834	1.444215	98.046875	203.125000
1615.405834	1.439067	15.829742	0.080687
1616.429850	0.433163	-137.109375	-163.281250
1616.431851	0.727681	-137.109375	-163.281250
1616.433850	1.011089	-137.109375	-163.281250
1616.435851	1.277057	-137.109375	-163.281250
1616.437852	1.442331	-137.109375	-163.281250
1616.439851	1.441758	-137.109375	-163.281250
1616.441851	1.438176	15.819931	0.059210
1617.476766	0.773021	109.082031	207.714844
1617.478767	1.054502	109.082031	207.714844
1617.480766	1.317318	109.082031	207.714844
1617.482767	1.446138	109.082031	207.714844
1617.486766	1.438430	15.822732	0.075533
1618.507306	0.339011	-224.316406	-154.980469
1618.509305	0.636454	-224.316406	-154.980469
1618.511304	0.924557	-224.316406	-154.980469
1618.513304	1.196874	-224.316406	-154.980469
1618.515305	1.418355	-224.316406	-154.980469
1618.517305	1.444146	-224.316406	-154.980469
1618.519305	1.439897	15.838870	0.062266
1619.551347	0.446576	111.621094	209.667969
1619.553350	0.741302	111.621094	209.667969
1619.555351	0.751512	111.621094	209.667969
1619.557357	1.290041	111.621094	209.667969
1619.559363	1.446484	111.621094	209.667969
1619.561362	1.444287	15.887153	0.079123
1620.584321	0.468793	-213.183594	-155.761719
1620.586323	0.763232	-213.183594	-155.761719
1620.588323	1.045680	-213.183594	-155.761719
1620.590323	1.309666	-213.183594	-155.761719
1620.592322	1.448944	-213.183594	-155.761719
1620.594325	1.445255	15.897804	0.057656
1621.628391	0.389915	109.863281	210.253906
1621.630394	0.686498	109.863281	210.253906
1621.632395	0.972732	109.863281	210.253906
1621.634394	1.241899	109.863281	210.253906
1621.638391	1.445994	109.863281	210.253906
1621.640394	1.442031	109.863281	210.253906
1621.642394	1.439608	15.835690	0.076334
1622.661325	0.518274	-138.671875	-166.406250
1622.663327	0.811836	-138.671875	-166.406250
1622.665329	1.092090	-138.671875	-166.406250
1622.667328	1.350242	-138.671875	-166.406250
1622.669329	1.449722	-138.671875	-166.406250
1622.671328	1.444855	15.893401	0.057307
1623.707916	0.623561	96.972656	202.246094
1623.711916	1.186594	96.972656	202.246094
1623.713917	1.415254	96.972656	202.246094
1623.715919	1.447929	96.972656	202.246094
1623.717917	1.443826	15.882083	0.602684
1624.739967	0.546340	-163.769531	-163.867187
1624.741969	0.839426	-163.769531	-163.867187
1624.743970	1.118312	-163.769531	-163.867187
1624.745968	1.371471	-163.769531	-163.867187
1624.747970	1.451012	-163.769531	-163.867187
1624.749971	1.446302	15.909317	0.059932
1625.784538	0.558465	105.664062	208.105469
1625.786539	0.851281	105.664062	208.105469
1625.788540	1.129447	105.664062	208.105469
1625.790540	1.379847	105.664062	208.105469
1625.792541	1.450783	105.664062	208.105469
1625.794540	1.446162	15.907784	0.268114
1626.814564	0.311574	-228.613281	-155.859375
1626.816565	0.611210	-228.613281	-155.859375
1626.818565	0.901589	-228.613281	-155.859375
1626.820566	1.176402	-228.613281	-155.859375
1626.822564	1.410613	-228.613281	-155.859375
1626.826563	1.445942	-228.613281	-155.859375
1626.828566	1.443161	15.874771	0.064104
1627.860611	0.316444	100.097656	204.882812
1627.862611	0.615895	100.097656	204.882812
1627.864612	0.906176	100.097656	204.882812
1627.866611	1.180710	100.097656	204.882812
1627.868611	1.412995	100.097656	204.882812
1627.870611	1.450044	100.097656	204.882812
1627.872612	1.445847	15.904319	0.086972
1628.892696	0.436771	-152.050781	-164.648437
1628.894698	0.733017	-152.050781	-164.648437
1628.896699	1.017712	-152.050781	-164.648437
1628.898698	1.284335	-152.050781	-164.648437
1628.900699	1.449258	-152.050781	-164.648437
1628.904698	1.445380	-152.050781	-164.648437
1628.906698	1.443172	15.874887	0.060220
1629.939241	0.569795	114.648437	210.449219
1629.941243	0.862525	114.648437	210.449219
1629.943245	1.140253	114.648437	210.449219
1629.945245	1.388096	114.648437	210.449219
1629.947243	1.451800	114.648437	210.449219
1629.949245	1.447210	15.919313	0.081261
1630.971223	0.384461	-125.683594	-165.625000
1630.973226	0.682266	-125.683594	-165.625000
1630.975225	0.969713	-125.683594	-165.625000
1630.977224	0.981052	-125.683594	-165.625000
1630.979225	1.439464	-125.683594	-165.625000
1630.981224	1.450384	-125.683594	-165.625000
1630.983225	1.446666	15.913331	0.064605
1632.014155	0.264328	103.710937	208.398437
1632.018154	0.859085	103.710937	208.398437
1632.020157	1.137184	103.710937	208.398437
1632.022157	1.386336	103.710937	208.398437
1632.024157	1.452845	103.710937	208.398437
1632.026156	1.448134	15.929479	0.079334
1633.048169	0.485110	-135.546875	-163.574219
1633.050170	0.780578	-135.546875	-163.574219
1633.052171	1.063319	-135.546875	-163.574219
1633.054172	1.326724	-135.546875	-163.574219
1633.056172	1.454576	-135.546875	-163.574219
1633.058173	1.450597	15.956562	0.057659
1634.093098	0.569079	111.718750	211.425781
1634.095100	0.862279	111.718750	211.425781
1634.097100	1.140293	111.718750	211.425781
1634.099099	1.388884	111.718750	211.425781
1634.101102	1.453995	111.718750	211.425781
1634.103107	1.449587	15.945457	0.314249
1635.125131	0.237581	-120.117187	-164.355469
1635.129131	0.835229	-120.117187	-164.355469
1635.131131	1.115273	-120.117187	-164.355469
1635.133132	1.370294	-120.117187	-164.355469
1635.135134	1.455283	-120.117187	-164.355469
1635.141131	1.445863	15.904495	0.066996
1636.169679	0.537508	106.250000	208.105469
1636.171681	0.831838	106.250000	208.105469
1636.173682	1.112074	106.250000	208.105469
1636.175682	1.367923	106.250000	208.105469
1636.177682	1.455937	106.250000	208.105469
1636.179682	1.451338	15.964715	0.162286
1637.207713	0.888898	-229.687500	-150.292969
1637.209715	1.165287	-229.687500	-150.292969
1637.211714	1.405789	-229.687500	-150.292969
1637.213716	1.454315	-229.687500	-150.292969
1637.215717	1.450041	15.950446	0.453355
1638.245744	0.485546	105.468750	207.812500
1638.247747	0.781359	105.468750	207.812500
1638.249745	1.064454	105.468750	207.812500
1638.251747	1.327989	105.468750	207.812500
1638.253745	1.456280	105.468750	207.812500
1638.255745	1.452230	15.974525	0.074589
1639.283810	0.646579	-98.046875	-162.597656
1639.285813	0.964896	-98.046875	-162.597656
1639.287814	1.235821	-98.046875	-162.597656
1639.289814	1.440244	-98.046875	-162.597656
1639.291814	1.453539	-98.046875	-162.597656
1639.293814	1.449888	15.948763	0.062342
1640.321855	0.325674	114.941406	209.765625
1640.323858	0.626020	114.941406	209.765625
1640.325856	0.916766	114.941406	209.765625
1640.327859	1.191215	114.941406	209.765625
1640.329864	1.421058	114.941406	209.765625
1640.331859	1.454250	114.941406	209.765625
1640.333862	1.450434	15.954771	0.080172
1641.359859	0.332358	-191.699219	-151.757812
1641.361859	0.632578	-191.699219	-151.757812
1641.363859	0.923051	-191.699219	-151.757812
1641.365860	1.197056	-191.699219	-151.757812
1641.367859	1.423993	-191.699219	-151.757812
1641.369860	1.454369	-191.699219	-151.757812
1641.371859	1.450668	15.957351	0.067772
1642.399879	0.453163	101.074219	202.441406
1642.401883	0.750119	101.074219	202.441406
1642.403882	1.034863	101.074219	202.441406
1642.405885	1.301069	101.074219	202.441406
1642.407881	1.455768	101.074219	202.441406
1642.409882	1.453792	15.991709	0.076393
1643.437879	0.459379	-214.355469	-147.949219
1643.439879	0.756263	-214.355469	-147.949219
1643.441879	1.040709	-214.355469	-147.949219
1643.443881	1.306594	-214.355469	-147.949219
1643.445879	1.455724	-214.355469	-147.949219
1643.447880	1.453127	15.984399	0.069210
1644.475962	0.401499	99.218750	200.000000
1644.477964	0.699997	99.218750	200.000000
1644.479962	0.987299	99.218750	200.000000
1644.481962	1.256913	99.218750	200.000000
1644.483962	1.447716	99.218750	200.000000
1644.485964	1.454498	99.218750	200.000000
1644.487964	1.451089	15.961977	0.075204
1645.515980	1.221893	-188.671875	-149.414062
1645.517981	0.798687	-188.671875	-149.414062
1645.519981	1.081213	-188.671875	-149.414062
1645.521982	1.343040	-188.671875	-149.414062
1645.525978	1.453494	-188.671875	-149.414062
1645.527980	1.450671	15.957376	0.065075
1646.554012	0.456236	96.972656	198.339844
1646.556014	0.753331	96.972656	198.339844
1646.558014	1.038213	96.972656	198.339844
1646.560016	1.304392	96.972656	198.339844
1646.562015	1.456518	96.972656	198.339844
1646.564015	1.454276	15.997036	0.084147
1647.596031	0.884812	-230.078125	-144.726562
1647.598032	1.162010	-230.078125	-144.726562
1647.600031	1.404900	-230.078125	-144.726562
1647.602030	1.456786	-230.078125	-144.726562
1647.604030	1.452641	15.979046	0.413788
1648.632097	0.649992	111.328125	203.710937
1648.634097	0.662753	111.328125	203.710937
1648.638097	1.432651	111.328125	203.710937
1648.640099	1.456057	111.328125	203.710937
1648.642098	1.452434	15.976777	0.079123
1649.670693	0.535560	-187.890625	-148.144531
1649.672695	0.830749	-187.890625	-148.144531
1649.674695	1.111789	-187.890625	-148.144531
1649.676694	1.368748	-187.890625	-148.144531
1649.680692	1.455045	-187.890625	-148.144531
1649.682695	1.452374	15.976112	0.125661
1650.708711	0.468835	102.441406	200.292969
1650.710715	0.765841	102.441406	200.292969
1650.712712	1.050331	102.441406	200.292969
1650.714713	1.315670	102.441406	200.292969
1650.716713	1.459009	102.441406	200.292969
1650.718713	1.456028	16.016312	0.076299
1651.746744	0.365580	-191.406250	-147.753906
1651.748747	0.665447	-191.406250	-147.753906
1651.750746	0.954831	-191.406250	-147.753906
1651.752745	1.227031	-191.406250	-147.753906
1651.754746	1.438885	-191.406250	-147.753906
1651.756746	1.456655	-191.406250	-147.753906
1651.758746	1.453109	15.984203	0.067790
1652.788790	0.765461	106.933594	203.222656
1652.792789	1.315417	106.933594	203.222656
1652.794791	1.458357	106.933594	203.222656
1652.796792	1.455328	16.008610	0.078804
1653.826861	0.821018	-233.105469	-144.238281
1653.828864	1.102844	-233.105469	-144.238281
1653.830864	1.361452	-233.105469	-144.238281
1653.832864	1.459342	-233.105469	-144.238281
1653.836861	1.452109	15.973196	0.075892
1654.862908	0.345567	105.761719	203.125000
1654.864911	0.646204	105.761719	203.125000
1654.866912	0.936768	105.761719	203.125000
1654.868910	1.210351	105.761719	203.125000
1654.870911	1.432457	105.761719	203.125000
1654.872910	1.457793	105.761719	203.125000
1654.874911	1.454088	15.994971	0.079207
1655.902953	0.659665	-139.257812	-153.417969
1655.904955	0.949497	-139.257812	-153.417969
1655.906955	1.222216	-139.257812	-153.417969
1655.908955	1.437256	-139.257812	-153.417969
1655.912954	1.453483	-139.257812	-153.417969
1655.914955	1.451259	15.963846	0.068235
1656.939489	0.251492	101.757812	202.929687
1656.943491	0.850378	101.757812	202.929687
1656.945491	1.130251	101.757812	202.929687
1656.947491	1.383568	101.757812	202.929687
1656.949492	1.459589	101.757812	202.929687
1656.951492	1.455235	16.007582	0.090355
1657.979555	0.553734	-114.160156	-156.738281
1657.981556	0.848867	-114.160156	-156.738281
1657.983558	1.128917	-114.160156	-156.738281
1657.985556	1.382864	-114.160156	-156.738281
1657.987556	1.461228	-114.160156	-156.738281
1657.989556	1.456749	16.024235	0.071076
1659.018128	0.357734	118.457031	210.351562
1659.020129	0.658145	118.457031	210.351562
1659.022129	0.948163	118.457031	210.351562
1659.024128	1.221114	118.457031	210.351562
1659.026132	1.437187	118.457031	210.351562
1659.028137	1.457657	118.457031	210.351562
1659.030139	1.454056	15.994617	0.082296
1660.056170	0.467517	-205.761719	-149.316406
1660.058170	0.765031	-205.761719	-149.316406
1660.060171	1.049899	-205.761719	-149.316406
1660.062171	1.315597	-205.761719	-149.316406
1660.064171	1.460930	-205.761719	-149.316406
1660.066172	1.458063	16.038696	0.066021
1661.096208	0.417111	104.199219	207.031250
1661.098212	0.715898	104.199219	207.031250
1661.100211	1.003108	104.199219	207.031250
1661.102210	1.272155	104.199219	207.031250
1661.104212	1.454602	104.199219	207.031250
1661.106211	1.458449	104.199219	207.031250
1661.108211	1.455112	16.006235	0.080492
1662.132242	0.455267	-186.425781	-152.539062
1662.134244	0.753070	-186.425781	-152.539062
1662.136243	1.038496	-186.425781	-152.539062
1662.138243	1.305144	-186.425781	-152.539062
1662.142242	1.457647	-186.425781	-152.539062
1662.144242	1.454484	15.999323	0.066936
1663.174295	0.399387	101.757812	207.519531
1663.176296	0.698806	101.757812	207.519531
1663.178295	0.986982	101.757812	207.519531
1663.180296	1.257349	101.757812	207.519531
1663.182295	1.450757	101.757812	207.519531
1663.184295	1.458602	101.757812	207.519531
1663.186296	1.458494	16.043438	0.084198
1664.208325	0.327828	-141.601562	-158.691406
1664.210328	0.629390	-141.601562	-158.691406
1664.212327	0.921033	-141.601562	-158.691406
1664.214326	1.196106	-141.601562	-158.691406
1664.216328	1.426169	-141.601562	-158.691406
1664.218326	1.459313	-141.601562	-158.691406
1664.220326	1.455375	16.009125	0.071031
1665.254378	0.755247	100.878906	207.812500
1665.256380	1.040715	100.878906	207.812500
1665.258380	1.307244	100.878906	207.812500
1665.260380	1.459724	100.878906	207.812500
1665.262380	1.457579	16.033371	0.084644
1666.286381	0.537232	-142.382812	-159.863281
1666.288383	0.833054	-142.382812	-159.863281
1666.290383	1.114502	-142.382812	-159.863281
1666.292383	1.371894	-142.382812	-159.863281
1666.294382	1.462752	-142.382812	-159.863281
1666.296384	1.458255	16.040808	0.070901
1667.330935	0.509997	107.519531	211.914062
1667.332937	0.806516	107.519531	211.914062
1667.334936	1.089476	107.519531	211.914062
1667.338935	1.462649	107.519531	211.914062
1667.342935	1.455521	107.519531	211.914062
1667.344937	1.453493	15.988421	0.082888
1668.360937	0.254419	-196.484375	-155.468750
1668.362939	0.558527	-196.484375	-155.468750
1668.364939	0.853836	-196.484375	-155.468750
1668.366939	1.133844	-196.484375	-155.468750
1668.368938	1.386910	-196.484375	-155.468750
1668.370939	1.461370	-196.484375	-155.468750
1668.372939	1.457072	16.027788	0.073909
1669.408994	0.487337	105.371094	210.839844
1669.410995	0.784689	105.371094	210.839844
1669.412995	1.068758	105.371094	210.839844
1669.414995	1.333119	105.371094	210.839844
1669.416995	1.461995	105.371094	210.839844
1669.418997	1.458142	16.039557	0.083832
1670.439006	0.468585	-135.253906	-162.500000
1670.441008	0.766290	-135.253906	-162.500000
1670.443009	1.051308	-135.253906	-162.500000
1670.445008	1.317173	-135.253906	-162.500000
1670.447006	1.460674	-135.253906	-162.500000
1670.449009	1.457802	16.035826	0.065694
1671.485520	0.368181	103.125000	210.156250
1671.487522	0.668826	103.125000	210.156250
1671.489522	0.958670	103.125000	210.156250
1671.493520	1.442477	103.125000	210.156250
1671.495521	1.459378	103.125000	210.156250
1671.499520	1.453635	15.989990	0.095400
1672.517578	0.732909	-110.253906	-164.843750
1672.519581	1.019578	-110.253906	-164.843750
1672.521580	1.287779	-110.253906	-164.843750
1672.523581	1.457972	-110.253906	-164.843750
1672.525581	1.458622	-110.253906	-164.843750
1672.529578	1.453336	15.986693	0.066263
1673.566503	0.802947	116.699219	215.136719
1673.568503	1.086176	116.699219	215.136719
1673.570504	1.348454	116.699219	215.136719
1673.572502	1.463194	116.699219	215.136719
1673.576503	1.456177	16.017942	0.090270
1674.593470	0.617387	-145.507812	-162.304687
1674.595471	0.909859	-145.507812	-162.304687
1674.597471	1.185966	-145.507812	-162.304687
1674.599471	1.421131	-145.507812	-162.304687
1674.601472	1.460369	-145.507812	-162.304687
1674.603471	1.456531	16.021841	0.067886
1675.642067	0.467443	106.933594	211.718750
1675.644066	0.765425	106.933594	211.718750
1675.646067	1.050600	106.933594	211.718750
1675.648067	1.316619	106.933594	211.718750
1675.650068	1.462592	106.933594	211.718750
1675.652074	1.459768	16.057449	0.085149
1676.670095	0.438464	-108.496094	-165.917969
1676.674094	1.023893	-108.496094	-165.917969
1676.676096	1.291795	-108.496094	-165.917969
1676.678097	1.459183	-108.496094	-165.917969
1676.680098	1.459181	-108.496094	-165.917969
1676.682101	1.456090	16.016994	0.066019
1677.719087	0.480204	112.792969	214.453125
1677.721087	0.777807	112.792969	214.453125
1677.723088	1.062456	112.792969	214.453125
1677.725088	1.327551	112.792969	214.453125
1677.727087	1.462549	112.792969	214.453125
1677.729087	1.459026	16.049288	0.084161
1678.749638	0.733621	-111.914062	-164.648437
1678.751637	1.020451	-111.914062	-164.648437
1678.753637	1.288677	-111.914062	-164.648437
1678.755637	1.458779	-111.914062	-164.648437
1678.757639	1.459369	-111.914062	-164.648437
1678.759639	1.456243	16.018669	0.067382
1679.794610	0.286481	115.332031	215.234375
1679.796611	0.589870	115.332031	215.234375
1679.798611	0.883961	115.332031	215.234375
1679.800611	1.162038	115.332031	215.234375
1679.802611	1.406952	115.332031	215.234375
1679.804613	1.461774	115.332031	215.234375
1679.806611	1.457669	16.034355	0.096322
1680.824598	0.300493	-150.976562	-160.742187
1680.826599	0.603485	-150.976562	-160.742187
1680.828601	0.896905	-150.976562	-160.742187
1680.830600	1.174071	-150.976562	-160.742187
1680.832601	1.414793	-150.976562	-160.742187
1680.836597	1.457967	-150.976562	-160.742187
1680.838598	1.455532	16.010853	0.069424
1681.872624	0.431718	102.929687	210.449219
1681.874627	0.730725	102.929687	210.449219
1681.876627	1.017794	102.929687	210.449219
1681.878626	1.286129	102.929687	210.449219
1681.880629	1.458660	102.929687	210.449219
1681.882627	1.459854	102.929687	210.449219
1681.886624	1.454511	15.999624	0.087975
1682.902666	0.297512	-153.417969	-159.667969
1682.904668	0.600575	-153.417969	-159.667969
1682.906668	0.894224	-153.417969	-159.667969
1682.908667	1.171606	-153.417969	-159.667969
1682.910667	1.413351	-153.417969	-159.667969
1682.912669	1.462278	-153.417969	-159.667969
1682.914668	1.458225	16.040470	0.072091
1683.950739	0.724950	102.343750	210.253906
1683.952741	1.012321	102.343750	210.253906
1683.954742	1.281261	102.343750	210.253906
1683.956741	1.457760	102.343750	210.253906
1683.958741	1.459870	102.343750	210.253906
1683.960741	1.456705	16.023756	0.088240
1684.982794	0.647463	-216.113281	-151.855469
1684.984797	0.938786	-216.113281	-151.855469
1684.986796	1.212923	-216.113281	-151.855469
1684.988796	1.435812	-216.113281	-151.855469
1684.990796	1.461674	-216.113281	-151.855469
1684.994796	1.455629	16.011917	0.693480
1686.024794	0.331245	99.804687	208.105469
1686.026797	0.633215	99.804687	208.105469
1686.028797	0.925318	99.804687	208.105469
1686.030796	1.200484	99.804687	208.105469
1686.032796	1.429766	99.804687	208.105469
1686.034797	1.461848	99.804687	208.105469
1686.036796	1.458113	16.039246	0.090384
1687.058858	0.324018	-165.917969	-155.371094
1687.060861	0.626393	-165.917969	-155.371094
1687.062860	0.918785	-165.917969	-155.371094
1687.064860	1.194486	-165.917969	-155.371094
1687.066861	1.426727	-165.917969	-155.371094
1687.068861	1.462213	-165.917969	-155.371094
1687.070860	1.458395	16.042349	0.074286
1688.102893	0.527627	114.746094	213.281250
1688.104892	0.824274	114.746094	213.281250
1688.106894	1.106688	114.746094	213.281250
1688.108893	1.366308	114.746094	213.281250
1688.110897	1.464783	114.746094	213.281250
1688.112896	1.460237	16.062609	0.096090
1689.136919	0.361099	-189.941406	-151.464844
1689.138921	0.662311	-189.941406	-151.464844
1689.140921	0.952998	-189.941406	-151.464844
1689.142921	1.226183	-189.941406	-151.464844
1689.144920	1.441663	-189.941406	-151.464844
1689.146920	1.461488	-189.941406	-151.464844
1689.148921	1.458034	16.038378	0.073391
1690.178947	1.648991	111.328125	211.132812
1690.180949	0.735005	111.328125	211.132812
1690.182950	1.022081	111.328125	211.132812
1690.184949	1.290352	111.328125	211.132812
1690.186949	1.461160	111.328125	211.132812
1690.188948	1.462037	111.328125	211.132812
1690.190948	1.458874	16.047613	0.094442
1691.215509	0.515703	-198.925781	-148.437500
1691.217511	0.812773	-198.925781	-148.437500
1691.219511	1.095964	-198.925781	-148.437500
1691.221511	1.357106	-198.925781	-148.437500
1691.223510	1.464875	-198.925781	-148.437500
1691.225511	1.464777	16.112547	0.076667
1692.255584	0.372728	103.125000	206.347656
1692.257585	0.673650	103.125000	206.347656
1692.261584	1.236341	103.125000	206.347656
1692.263585	1.445871	103.125000	206.347656
1692.265584	1.461769	103.125000	206.347656
1692.267585	1.458362	16.041977	0.090740
1693.293666	0.564377	-197.656250	-147.167969
1693.295669	0.859987	-197.656250	-147.167969
1693.299666	1.392258	-197.656250	-147.167969
1693.301669	1.463602	-197.656250	-147.167969
1693.303669	1.459252	16.051769	0.276117
1694.337733	1.097546	115.527344	210.253906
1694.339737	1.358557	115.527344	210.253906
1694.341734	1.465426	115.527344	210.253906
1694.343737	1.461029	16.071320	0.084024
1695.373723	0.746084	-101.269531	-154.492187
1695.375726	1.032708	-101.269531	-154.492187
1695.377741	1.300268	-101.269531	-154.492187
1695.379738	1.461993	-101.269531	-154.492187
1695.381738	1.460767	-101.269531	-154.492187
1695.383737	1.457800	16.035799	0.077715
1696.410691	0.581407	113.671875	208.300781
1696.412694	0.876210	113.671875	208.300781
1696.414701	1.155160	113.671875	208.300781
1696.416703	1.403982	113.671875	208.300781
1696.418703	1.463615	113.671875	208.300781
1696.420704	1.459348	16.052824	0.090876
1697.449243	0.610730	-201.757812	-145.605469
1697.451245	0.904148	-201.757812	-145.605469
1697.453245	1.181008	-201.757812	-145.605469
1697.455244	1.419487	-201.757812	-145.605469
1697.457245	1.422141	-201.757812	-145.605469
1697.459246	1.459166	16.050831	0.076449
1698.487273	0.528773	104.394531	204.589844
1698.489274	0.825640	104.394531	204.589844
1698.491273	1.108218	104.394531	204.589844
1698.493272	1.367553	104.394531	204.589844
1698.495273	1.465587	104.394531	204.589844
1698.497272	1.461104	16.072144	0.096357
1699.527332	0.613455	-85.351562	-155.468750
1699.529332	0.906788	-85.351562	-155.468750
1699.531332	1.183595	-85.351562	-155.468750
1699.535330	1.463655	-85.351562	-155.468750
1699.537332	1.459600	-85.351562	-155.468750
1699.539332	1.457309	16.030403	0.517173
1700.563352	0.420631	119.335937	209.277344
1700.565353	0.720403	119.335937	209.277344
1700.567355	1.008293	119.335937	209.277344
1700.569354	1.277649	119.335937	209.277344
1700.571356	1.458366	119.335937	209.277344
1700.573354	1.461775	119.335937	209.277344
1700.575356	1.458586	16.044441	0.093680
1701.603421	0.392537	-159.472656	-149.316406
1701.605421	0.693123	-159.472656	-149.316406
1701.607422	0.982470	-159.472656	-149.316406
1701.609423	1.253741	-159.472656	-149.316406
1701.611425	1.452456	-159.472656	-149.316406
1701.613428	1.462550	-159.472656	-149.316406
1701.615428	1.459085	16.049934	0.076624
1702.639497	0.319983	106.054687	205.761719
1702.641498	0.622788	106.054687	205.761719
1702.643498	0.915651	106.054687	205.761719
1702.645506	1.191749	106.054687	205.761719
1702.647510	1.426664	106.054687	205.761719
1702.649510	1.463350	106.054687	205.761719
1702.651511	1.459563	16.055191	0.091853
1703.681566	0.479498	-137.500000	-151.074219
1703.685569	1.063205	-137.500000	-151.074219
1703.687569	1.328665	-137.500000	-151.074219
1703.689569	1.465427	-137.500000	-151.074219
1703.691571	1.462136	16.083496	0.074110
1704.719683	0.677449	114.453125	209.960937
1704.721683	0.967601	114.453125	209.960937
1704.723684	1.239919	114.453125	209.960937
1704.725683	1.447777	114.453125	209.960937
1704.727683	1.462710	114.453125	209.960937
1704.729684	1.459155	16.050705	0.090499
1705.760253	0.723601	-87.695312	-155.859375
1705.762254	1.011431	-87.695312	-155.859375
1705.764255	1.280699	-87.695312	-155.859375
1705.766257	1.459693	-87.695312	-155.859375
1705.768256	1.462608	-87.695312	-155.859375
1705.770255	1.459410	16.053507	0.075080
1706.797239	0.694309	99.023437	204.882812
1706.799238	0.983625	99.023437	204.882812
1706.801238	1.254932	99.023437	204.882812
1706.803239	1.452906	99.023437	204.882812
1706.807238	1.459318	99.023437	204.882812
1706.809238	1.457225	16.029472	0.088846
1707.837293	0.759345	-132.714844	-153.906250
1707.839296	1.045443	-132.714844	-153.906250
1707.841296	1.312271	-132.714844	-153.906250
1707.843300	1.464777	-132.714844	-153.906250
1707.845302	1.462701	16.089710	0.075696
1708.873882	0.611965	101.855469	207.714844
1708.875883	0.905527	101.855469	207.714844
1708.877883	1.182485	101.855469	207.714844
1708.879882	1.420722	101.855469	207.714844
1708.881882	1.463900	101.855469	207.714844
1708.883883	1.459887	16.058754	0.094274
1709.911943	0.358160	-91.601562	-158.691406
1709.913946	0.659981	-91.601562	-158.691406
1709.915946	0.951067	-91.601562	-158.691406
1709.917944	1.224715	-91.601562	-158.691406
1709.919945	1.442106	-91.601562	-158.691406
1709.921945	1.463329	-91.601562	-158.691406
1709.923946	1.459725	16.056971	0.076413
1710.950873	0.448572	115.234375	213.574219
1710.952876	0.747755	115.234375	213.574219
1710.954875	1.034372	115.234375	213.574219
1710.956875	1.302051	115.234375	213.574219
1710.958878	1.462725	115.234375	213.574219
1710.960877	1.461616	115.234375	213.574219
1710.962878	1.458522	16.043739	0.098122
1711.989820	0.521137	-161.132812	-154.199219
1711.991822	0.818415	-161.132812	-154.199219
1711.993821	1.101565	-161.132812	-154.199219
1711.995821	1.362243	-161.132812	-154.199219
1711.997821	1.466653	-161.132812	-154.199219
1711.999820	1.462296	16.085260	0.072725
1713.029864	0.642715	99.707031	208.496094
1713.031865	0.934785	99.707031	208.496094
1713.033866	1.209594	99.707031	208.496094
1713.035864	1.435197	99.707031	208.496094
1713.037865	1.463580	99.707031	208.496094
1713.039866	1.459806	16.057867	0.679030
1714.065928	0.473942	-89.355469	-161.914062
1714.067930	0.772388	-89.355469	-161.914062
1714.069931	1.057970	-89.355469	-161.914062
1714.071930	1.323877	-89.355469	-161.914062
1714.073931	1.465755	-89.355469	-161.914062
1714.075930	1.465937	16.125309	0.081059
1715.106454	0.419985	107.324219	212.890625
1715.108458	0.719986	107.324219	212.890625
1715.110456	1.008105	107.324219	212.890625
1715.112458	1.277715	107.324219	212.890625
1715.114457	1.458874	107.324219	212.890625
1715.116457	1.462466	107.324219	212.890625
1715.118456	1.459146	16.050610	0.092121
1716.146493	1.027269	-104.394531	-162.792969
1716.148494	1.295515	-104.394531	-162.792969
1716.150495	1.462632	-104.394531	-162.792969
1716.152496	1.462757	-104.394531	-162.792969
1716.154498	1.459597	16.055563	0.074641
1717.185058	0.517910	107.617187	213.964844
1717.187060	0.815272	107.617187	213.964844
1717.189061	1.098686	107.617187	213.964844
1717.191061	1.360070	107.617187	213.964844
1717.193061	1.469002	107.617187	213.964844
1717.195061	1.464833	16.113167	0.093058
1718.219070	0.443724	-93.261719	-164.550781
1718.223070	1.030021	-93.261719	-164.550781
1718.225078	1.298125	-93.261719	-164.550781
1718.227079	1.463966	-93.261719	-164.550781
1718.229079	1.463771	-93.261719	-164.550781
1718.231078	1.460654	16.067198	0.080954
1719.264071	0.696395	116.113281	216.503906
1719.266073	0.985796	116.113281	216.503906
1719.268073	1.257005	116.113281	216.503906
1719.270074	1.453732	116.113281	216.503906
1719.272074	1.462980	116.113281	216.503906
1719.274075	1.459551	16.055065	0.094520
1720.295027	0.316517	-179.687500	-156.347656
1720.297027	0.619807	-179.687500	-156.347656
1720.299028	0.913170	-179.687500	-156.347656
1720.301029	1.189664	-179.687500	-156.347656
1720.303029	1.425403	-179.687500	-156.347656
1720.305028	1.465083	-179.687500	-156.347656
1720.307027	1.461100	16.072100	0.078596
1721.341092	0.575674	105.664062	213.476562
1721.343095	0.871191	105.664062	213.476562
1721.345093	1.150811	105.664062	213.476562
1721.347095	1.400871	105.664062	213.476562
1721.349095	1.465846	105.664062	213.476562
1721.351096	1.461682	16.078497	0.343431
1722.373152	0.477694	-131.152344	-162.011719
1722.375153	0.776190	-131.152344	-162.011719
1722.377152	1.061607	-131.152344	-162.011719
1722.379155	1.327285	-131.152344	-162.011719
1722.381160	1.465850	-131.152344	-162.011719
1722.383160	1.462736	16.090099	0.075293
1723.419240	0.644470	104.492187	212.890625
1723.421241	0.936539	104.492187	212.890625
1723.423241	1.211333	104.492187	212.890625
1723.425242	1.436584	104.492187	212.890625
1723.427243	1.464443	104.492187	212.890625
1723.429242	1.460726	16.067987	0.097175
1724.451335	0.629667	-118.261719	-163.281250
1724.453337	0.922493	-118.261719	-163.281250
1724.455340	1.198574	-118.261719	-163.281250
1724.457339	1.430050	-118.261719	-163.281250
1724.459340	1.464333	-118.261719	-163.281250
1724.461340	1.460537	16.065905	0.078117
1725.495927	0.586791	105.175781	213.671875
1725.497930	0.881844	105.175781	213.671875
1725.499931	1.160934	105.175781	213.671875
1725.501932	1.407676	105.175781	213.671875
1725.503932	1.465296	105.175781	213.671875
1725.505932	1.465076	16.115835	0.399261
1726.531981	1.073754	-90.429687	-164.941406
1726.535980	1.342385	-90.429687	-164.941406
1726.537983	1.462681	-90.429687	-164.941406
1726.539983	1.459696	16.056652	0.074981
1727.572960	0.585330	113.964844	216.210937
1727.574960	0.880298	113.964844	216.210937
1727.576960	1.159214	113.964844	216.210937
1727.578960	1.406445	113.964844	216.210937
1727.580961	1.409343	113.964844	216.210937
1727.582960	1.460965	16.070610	0.098870
1728.607508	0.745961	-198.925781	-154.296875
1728.609508	1.032948	-198.925781	-154.296875
1728.611513	1.300932	-198.925781	-154.296875
1728.613511	1.465715	-198.925781	-154.296875
1728.615510	1.465401	-198.925781	-154.296875
1728.617510	1.462341	16.085749	0.075299
1729.647553	0.228639	102.636719	212.207031
1729.649555	0.535881	102.636719	212.207031
1729.651554	0.832943	102.636719	212.207031
1729.653555	1.115352	102.636719	212.207031
1729.655555	1.374055	102.636719	212.207031
1729.657555	1.467117	102.636719	212.207031
1729.659554	1.462807	16.090879	0.107358
1730.683599	0.525358	-171.679687	-156.347656
1730.685601	0.822690	-171.679687	-156.347656
1730.687601	1.105839	-171.679687	-156.347656
1730.689601	1.366036	-171.679687	-156.347656
1730.691601	1.467391	-171.679687	-156.347656
1730.693601	1.463194	16.095133	0.075357
1731.725599	0.479358	107.421875	213.867187
1731.727599	0.777938	107.421875	213.867187
1731.729599	1.063356	107.421875	213.867187
1731.731599	1.329053	107.421875	213.867187
1731.733598	1.466299	107.421875	213.867187
1731.735599	1.463065	16.093716	0.095851
1732.763612	0.776356	-180.468750	-154.589844
1732.765614	1.061814	-180.468750	-154.589844
1732.767615	1.327669	-180.468750	-154.589844
1732.769616	1.465700	-180.468750	-154.589844
1732.771614	1.462503	16.087528	0.076407
1733.801602	0.338723	105.078125	212.597656
1733.803604	0.641414	105.078125	212.597656
1733.805605	0.933741	105.078125	212.597656
1733.807603	1.208857	105.078125	212.597656
1733.809604	1.435642	105.078125	212.597656
1733.811603	1.464966	105.078125	212.597656
1733.813607	1.461242	16.073658	0.098409
1734.841667	0.825491	-153.808594	-156.054687
1734.845667	1.368117	-153.808594	-156.054687
1734.847669	1.466710	-153.808594	-156.054687
1734.849668	1.462482	16.087307	0.083628
1735.877718	0.270042	104.687500	211.718750
1735.879721	0.575010	104.687500	211.718750
1735.881723	0.870703	104.687500	211.718750
1735.883722	1.150398	104.687500	211.718750
1735.885720	1.400744	104.687500	211.718750
1735.887722	1.466425	104.687500	211.718750
1735.889721	1.462205	16.084249	0.099609
1736.915735	0.239418	-157.421875	-154.785156
1736.917737	0.546023	-157.421875	-154.785156
1736.919736	0.842910	-157.421875	-154.785156
1736.921737	1.124628	-157.421875	-154.785156
1736.923736	1.381693	-157.421875	-154.785156
1736.925737	1.468173	-157.421875	-154.785156
1736.927737	1.463934	16.103277	0.082979
1737.955775	0.443765	101.367187	209.179687
1737.957778	0.743346	101.367187	209.179687
1737.959777	1.030593	101.367187	209.179687
1737.961786	1.298759	101.367187	209.179687
1737.963783	1.465464	101.367187	209.179687
1737.967782	1.462291	101.367187	209.179687
1737.969784	1.460114	16.061253	0.100570
1738.997826	0.881332	-117.285156	-156.152344
1738.999827	1.160223	-117.285156	-156.152344
1739.001829	1.407478	-117.285156	-156.152344
1739.003827	1.465915	-117.285156	-156.152344
1739.005827	1.461746	16.079206	0.378939
1740.032377	0.376453	106.738281	210.058594
1740.034378	0.678019	106.738281	210.058594
1740.036379	0.968435	106.738281	210.058594
1740.038378	1.241130	106.738281	210.058594
1740.040378	1.449447	106.738281	210.058594
1740.042379	1.464574	106.738281	210.058594
1740.044379	1.460965	16.070620	0.097224
1741.072422	0.498268	-74.804687	-158.007812
1741.074424	0.796431	-74.804687	-158.007812
1741.076424	1.080950	-74.804687	-158.007812
1741.078423	1.344989	-74.804687	-158.007812
1741.080424	1.467854	-74.804687	-158.007812
1741.082423	1.463994	16.103933	0.084676
1742.109336	0.381189	99.414062	205.957031
1742.111338	0.682552	99.414062	205.957031
1742.113337	0.972913	99.414062	205.957031
1742.115338	1.245204	99.414062	205.957031
1742.119336	1.464490	99.414062	205.957031
1742.121338	1.460960	99.414062	205.957031
1742.123338	1.458839	16.047232	0.104593
1743.153406	1.035996	-97.460937	-154.687500
1743.155413	1.303879	-97.460937	-154.687500
1743.157413	1.465219	-97.460937	-154.687500
1743.159414	1.464338	-97.460937	-154.687500
1743.161414	1.461210	16.073305	0.081023
1744.185962	0.233046	108.691406	208.789062
1744.187963	0.540166	108.691406	208.789062
1744.189964	0.837179	108.691406	208.789062
1744.191962	1.119404	108.691406	208.789062
1744.193961	1.377639	108.691406	208.789062
1744.195964	1.468705	108.691406	208.789062
1744.197962	1.464473	16.109198	0.099733
1745.227982	0.581081	-86.816406	-154.492187
1745.229984	0.876522	-86.816406	-154.492187
1745.231985	1.155930	-86.816406	-154.492187
1745.233985	1.404583	-86.816406	-154.492187
1745.235985	1.408584	-86.816406	-154.492187
1745.237984	1.462229	16.084524	0.350799
1746.263994	0.386529	110.351562	209.082031
1746.267994	0.977837	110.351562	209.082031
1746.269996	1.249952	110.351562	209.082031
1746.271997	1.452448	110.351562	209.082031
1746.273997	1.464454	110.351562	209.082031
1746.275996	1.461016	16.071178	0.096157
1747.304081	0.419394	-123.046875	-151.171875
1747.306081	0.719770	-123.046875	-151.171875
1747.308080	1.008227	-123.046875	-151.171875
1747.310081	1.278135	-123.046875	-151.171875
1747.312084	1.284161	-123.046875	-151.171875
1747.314082	1.465372	-123.046875	-151.171875
1747.316082	1.462066	16.082726	0.083834
1748.342160	0.553967	105.371094	206.933594
1748.344164	0.850664	105.371094	206.933594
1748.346162	1.131886	105.371094	206.933594
1748.348163	1.387219	105.371094	206.933594
1748.350163	1.467321	105.371094	206.933594
1748.352161	1.463215	16.095364	0.233834
1749.386228	1.124066	-139.062500	-149.707031
1749.388230	1.381205	-139.062500	-149.707031
1749.390231	1.467696	-139.062500	-149.707031
1749.392230	1.463496	16.098455	0.177867
1750.418263	0.331728	104.492187	207.128906
1750.420263	0.634787	104.492187	207.128906
1750.422264	0.927601	104.492187	207.128906
1750.426262	1.433179	104.492187	207.128906
1750.428263	1.465690	104.492187	207.128906
1750.430263	1.461989	16.081875	0.097813
1751.460279	0.655528	-185.253906	-146.093750
1751.462280	0.947259	-185.253906	-146.093750
1751.464281	1.221496	-185.253906	-146.093750
1751.466280	1.442464	-185.253906	-146.093750
1751.468280	1.466462	-185.253906	-146.093750
1751.470281	1.462919	16.092110	0.084891
1752.498327	0.803269	100.195312	206.152344
1752.500330	1.087710	100.195312	206.152344
1752.502330	1.350910	100.195312	206.152344
1752.504330	1.468498	100.195312	206.152344
1752.506330	1.464634	16.110970	0.093921
1753.536345	0.487833	-82.226562	-154.589844
1753.538348	0.786349	-82.226562	-154.589844
1753.540349	1.071583	-82.226562	-154.589844
1753.542347	1.336665	-82.226562	-154.589844
1753.544349	1.468500	-82.226562	-154.589844
1753.546347	1.465101	16.116110	0.086814
1754.573311	0.416999	109.765625	210.937500
1754.575313	0.717517	109.765625	210.937500
1754.577314	1.006222	109.765625	210.937500
1754.579314	1.276236	109.765625	210.937500
1754.581314	1.460551	109.765625	210.937500
1754.583313	1.464995	109.765625	210.937500
1754.585316	1.461682	16.078506	0.097477
1755.613360	0.461818	-146.093750	-150.683594
1755.615365	0.761124	-146.093750	-150.683594
1755.617361	1.047599	-146.093750	-150.683594
1755.619364	1.314983	-146.093750	-150.683594
1755.621364	1.466995	-146.093750	-150.683594
1755.623363	1.464917	16.114090	0.083438
1756.651442	0.463066	107.617187	211.425781
1756.653445	0.762306	107.617187	211.425781
1756.655442	1.048665	107.617187	211.425781
1756.657444	1.315607	107.617187	211.425781
1756.659444	1.467233	107.617187	211.425781
1756.661444	1.465176	16.116934	0.096802
1757.693563	0.928513	-188.769531	-147.949219
1757.695563	1.204177	-188.769531	-147.949219
1757.697564	1.433815	-188.769531	-147.949219
1757.699562	1.465934	-188.769531	-147.949219
1757.701564	1.462220	16.084417	0.626893
1758.727593	0.243732	103.320312	211.328125
1758.729594	0.550269	103.320312	211.328125
1758.731594	0.847124	103.320312	211.328125
1758.733594	1.128745	103.320312	211.328125
1758.735595	1.385120	103.320312	211.328125
1758.737595	1.468004	103.320312	211.328125
1758.739595	1.463782	16.101603	0.101611
1759.769678	0.810760	-189.355469	-149.707031
1759.771679	1.094808	-189.355469	-149.707031
1759.773679	1.357034	-189.355469	-149.707031
1759.775678	1.468990	-189.355469	-149.707031
1759.777679	1.465051	16.115561	0.080470
1760.807740	0.619309	116.015625	216.210937
1760.809741	0.912922	116.015625	216.210937
1760.811742	1.189740	116.015625	216.210937
1760.813741	1.425930	116.015625	216.210937
1760.815742	1.465942	116.015625	216.210937
1760.817741	1.462205	16.084249	0.101307
1761.844322	0.508152	-150.097656	-155.273437
1761.846323	0.806259	-150.097656	-155.273437
1761.848325	1.090513	-150.097656	-155.273437
1761.850324	1.353491	-150.097656	-155.273437
1761.852323	1.468740	-150.097656	-155.273437
1761.854324	1.464796	16.112759	0.081558
1762.888348	1.024372	105.468750	213.964844
1762.890349	1.293200	105.468750	213.964844
1762.892350	1.299222	105.468750	213.964844
1762.894351	1.464766	105.468750	213.964844
1762.896350	1.461561	16.077169	0.101116
1763.920402	0.419396	-173.144531	-154.394531
1763.922402	0.719908	-173.144531	-154.394531
1763.924403	1.008458	-173.144531	-154.394531
1763.926402	1.278462	-173.144531	-154.394531
1763.928403	1.460794	-173.144531	-154.394531
1763.930401	1.464834	-173.144531	-154.394531
1763.932402	1.461527	16.076797	0.089496
1764.964462	0.760641	116.210937	217.285156
1764.966464	1.047239	116.210937	217.285156
1764.968466	1.314384	116.210937	217.285156
1764.970466	1.467408	116.210937	217.285156
1764.974469	1.462525	16.087776	0.099122
1765.999402	0.786907	-93.652344	-163.085937
1766.001405	0.805148	-93.652344	-163.085937
1766.003405	1.337546	-93.652344	-163.085937
1766.005405	1.469098	-93.652344	-163.085937
1766.007407	1.465699	16.122686	0.079694
1767.040007	0.379774	107.519531	215.234375
1767.042009	0.681517	107.519531	215.234375
1767.044010	0.972011	107.519531	215.234375
1767.046009	1.244611	107.519531	215.234375
1767.048011	1.451319	107.519531	215.234375
1767.050010	1.465574	107.519531	215.234375
1767.052008	1.462186	16.084045	0.103000
1768.076034	0.763115	-107.617187	-162.402344
1768.078036	1.049565	-107.617187	-162.402344
1768.080037	1.316541	-107.617187	-162.402344
1768.084034	1.464749	-107.617187	-162.402344
1768.088034	1.459715	16.056866	0.088958
1769.118572	0.512234	115.332031	217.968750
1769.120575	0.810243	115.332031	217.968750
1769.122574	1.094292	115.332031	217.968750
1769.124576	1.356609	115.332031	217.968750
1769.126575	1.467643	115.332031	217.968750
1769.128574	1.463659	16.100246	0.107894
1770.151093	0.521073	-151.953125	-158.593750
1770.153095	0.818854	-151.953125	-158.593750
1770.155095	1.102433	-151.953125	-158.593750
1770.157095	1.363537	-151.953125	-158.593750
1770.159095	1.468593	-151.953125	-158.593750
1770.161095	1.464435	16.108789	0.081550
1771.195093	0.333440	110.156250	217.089844
1771.197095	0.636592	110.156250	217.089844
1771.199101	0.929459	110.156250	217.089844
1771.201106	1.206374	110.156250	217.089844
1771.203105	1.435216	110.156250	217.089844
1771.205104	1.466372	110.156250	217.089844
1771.207106	1.462816	16.090977	0.104375
1772.229159	0.637071	-132.031250	-160.742187
1772.231163	0.929901	-132.031250	-160.742187
1772.233168	1.205742	-132.031250	-160.742187
1772.237170	1.466425	-132.031250	-160.742187
1772.239171	1.462805	-132.031250	-160.742187
1772.241170	1.460422	16.064636	0.084599
1773.273197	0.432971	107.714844	216.210937
1773.275198	0.733138	107.714844	216.210937
1773.277197	1.021093	107.714844	216.210937
1773.279197	1.290137	107.714844	216.210937
1773.281197	1.464025	107.714844	216.210937
1773.283197	1.465623	107.714844	216.210937
1773.285197	1.462487	16.087360	0.102754
1774.307222	0.819570	-78.027344	-166.015625
1774.309225	1.103158	-78.027344	-166.015625
1774.311223	1.111673	-78.027344	-166.015625
1774.313223	1.468864	-78.027344	-166.015625
1774.315224	1.464771	16.112486	0.081674
1775.348175	0.230356	104.101562	215.234375
1775.350178	0.537885	104.101562	215.234375
1775.352179	0.835306	104.101562	215.234375
1775.354177	1.117826	104.101562	215.234375
1775.356177	1.376580	104.101562	215.234375
1775.358177	1.469186	104.101562	215.234375
1775.360177	1.465020	16.115223	0.114804
1776.386216	0.880336	-105.078125	-162.109375
1776.388218	1.159604	-105.078125	-162.109375
1776.390218	1.407531	-105.078125	-162.109375
1776.392219	1.467061	-105.078125	-162.109375
1776.394218	1.466920	16.136122	0.084899
1777.426776	0.352541	105.078125	216.015625
1777.428778	0.655172	105.078125	216.015625
1777.430779	0.947150	105.078125	216.015625
1777.432777	1.221556	105.078125	216.015625
1777.434778	1.442514	105.078125	216.015625
1777.436778	1.466384	105.078125	216.015625
1777.438779	1.462969	16.092659	0.104321
1778.460818	0.380950	-157.031250	-156.738281
1778.464819	0.973490	-157.031250	-156.738281
1778.466821	1.246070	-157.031250	-156.738281
1778.468821	1.451981	-157.031250	-156.738281
1778.470823	1.465712	-157.031250	-156.738281
1778.472821	1.462293	16.085224	0.084290
1779.502876	1.538398	108.300781	217.382812
1779.504881	0.683817	108.300781	217.382812
1779.506886	0.975467	108.300781	217.382812
1779.510885	1.452646	108.300781	217.382812
1779.512885	1.465828	108.300781	217.382812
1779.514887	1.462470	16.087166	0.113198
1780.542933	1.049349	-72.558594	-162.792969
1780.544936	1.316488	-72.558594	-162.792969
1780.546935	1.468202	-72.558594	-162.792969
1780.548936	1.466097	16.127064	0.082739
1781.579861	0.392267	107.617187	216.992187
1781.581861	0.693654	107.617187	216.992187
1781.583862	0.983722	107.617187	216.992187
1781.585861	1.255524	107.617187	216.992187
1781.587862	1.455436	107.617187	216.992187
1781.589860	1.466074	107.617187	216.992187
1781.591862	1.465944	16.125389	0.103739
1782.617928	0.622212	-185.742187	-152.050781
1782.619930	0.915881	-185.742187	-152.050781
1782.621930	1.192624	-185.742187	-152.050781
1782.623928	1.428010	-185.742187	-152.050781
1782.625930	1.466831	-185.742187	-152.050781
1782.627930	1.463118	16.094299	0.094770
1783.655971	0.325212	103.125000	214.160156
1783.657973	0.628852	103.125000	214.160156
1783.659973	0.922138	103.125000	214.160156
1783.661973	1.198511	103.125000	214.160156
1783.663972	1.431393	103.125000	214.160156
1783.665973	1.466917	103.125000	214.160156
1783.667973	1.463272	16.095993	0.104458
1784.694022	0.340763	-80.273437	-159.667969
1784.696022	0.643916	-80.273437	-159.667969
1784.698022	0.936429	-80.273437	-159.667969
1784.700022	1.211660	-80.273437	-159.667969
1784.702022	1.438176	-80.273437	-159.667969
1784.704021	1.466939	-80.273437	-159.667969
1784.706022	1.463425	16.097677	0.086887
1785.732981	0.357763	104.101562	213.183594
1785.734983	0.660290	104.101562	213.183594
1785.736983	0.952011	104.101562	213.183594
1785.738983	1.226097	104.101562	213.183594
1785.740983	1.444399	104.101562	213.183594
1785.742982	1.466189	104.101562	213.183594
1785.746981	1.460438	16.064814	0.105182
1786.775022	0.815927	-144.433594	-153.515625
1786.777021	1.099869	-144.433594	-153.515625
1786.779021	1.361397	-144.433594	-153.515625
1786.781023	1.469108	-144.433594	-153.515625
1786.783023	1.464991	16.114904	0.084936
1787.813066	0.866890	102.636719	211.523437
1787.815067	1.147121	102.636719	211.523437
1787.817069	1.398897	102.636719	211.523437
1787.819067	1.467806	102.636719	211.523437
1787.821068	1.463742	16.101168	0.106593
1788.849079	0.288371	-159.277344	-150.292969
1788.851082	0.593141	-159.277344	-150.292969
1788.853081	0.888343	-159.277344	-150.292969
1788.855081	1.167156	-159.277344	-150.292969
1788.859080	1.415302	-159.277344	-150.292969
1788.861081	1.463490	-159.277344	-150.292969
1788.863082	1.460886	16.069752	0.097632
1789.887172	0.409519	104.589844	211.718750
1789.889173	0.710571	104.589844	211.718750
1789.891175	0.999738	104.589844	211.718750
1789.893174	1.270480	104.589844	211.718750
1789.895177	1.459696	104.589844	211.718750
1789.897176	1.465872	104.589844	211.718750
1789.899181	1.462675	16.089426	0.102801
1790.927209	0.315815	-121.582031	-151.855469
1790.929209	0.619755	-121.582031	-151.855469
1790.931214	0.913485	-121.582031	-151.855469
1790.933217	1.190610	-121.582031	-151.855469
1790.935221	1.427731	-121.582031	-151.855469
1790.937220	1.467168	-121.582031	-151.855469
1790.939222	1.463465	16.098110	0.088790
1791.963270	0.300514	115.234375	213.574219
1791.965270	0.604921	115.234375	213.574219
1791.967271	0.899538	115.234375	213.574219
1791.969271	1.177430	115.234375	213.574219
1791.971273	1.419102	115.234375	213.574219
1791.973275	1.467133	115.234375	213.574219
1791.975278	1.463292	16.096214	0.107049
1793.003823	0.265577	-116.210937	-151.757812
1793.005824	0.571095	-116.210937	-151.757812
1793.007824	0.867487	-116.210937	-151.757812
1793.009822	1.147722	-116.210937	-151.757812
1793.011824	1.399524	-116.210937	-151.757812
1793.013825	1.467961	-116.210937	-151.757812
1793.015824	1.463912	16.103029	0.092353
1794.043849	0.811498	101.074219	208.593750
1794.045848	1.095719	101.074219	208.593750
1794.047850	1.357998	101.074219	208.593750
1794.049849	1.469319	101.074219	208.593750
1794.051848	1.465317	16.118484	0.099989
1795.083927	0.690938	-78.613281	-153.613281
1795.085929	0.981184	-78.613281	-153.613281
1795.087928	1.253214	-78.613281	-153.613281
1795.089928	1.454883	-78.613281	-153.613281
1795.091929	1.456576	-78.613281	-153.613281
1795.093929	1.463053	16.093582	0.089175
1796.118494	0.414003	104.003906	209.277344
1796.120497	0.714899	104.003906	209.277344
1796.122496	1.003970	104.003906	209.277344
1796.124498	1.274437	104.003906	209.277344
1796.126496	1.461696	104.003906	209.277344
1796.128496	1.467193	104.003906	209.277344
1796.130496	1.464099	16.105085	0.111678
1797.158550	0.322117	-152.246094	-147.851562
1797.160551	0.625802	-152.246094	-147.851562
1797.162552	0.919334	-152.246094	-147.851562
1797.164552	1.195887	-152.246094	-147.851562
1797.166551	1.429992	-152.246094	-147.851562
1797.168552	1.467110	-152.246094	-147.851562
1797.170550	1.463449	16.097942	0.091429
1798.196595	0.531595	104.882812	209.667969
1798.198596	0.829200	104.882812	209.667969
1798.200599	1.112301	104.882812	209.667969
1798.202597	1.372085	104.882812	209.667969
1798.204596	1.469491	104.882812	209.667969
1798.206595	1.465351	16.118866	0.125998
1799.236603	1.592306	-136.035156	-149.218750
1799.240603	1.026694	-136.035156	-149.218750
1799.242605	1.295439	-136.035156	-149.218750
1799.244605	1.465578	-136.035156	-149.218750
1799.246605	1.466314	-136.035156	-149.218750
1799.248606	1.466194	16.128136	0.089554
1800.272629	0.296233	105.468750	210.742187
1800.274632	0.600911	105.468750	210.742187
1800.276633	0.895694	105.468750	210.742187
1800.278630	1.173986	105.468750	210.742187
1800.280633	1.417099	105.468750	210.742187
1800.282632	1.467463	105.468750	210.742187
1800.284632	1.463599	16.099590	0.114732
1801.316669	0.883556	-162.109375	-147.167969
1801.318671	1.162693	-162.109375	-147.167969
1801.320671	1.409945	-162.109375	-147.167969
1801.324669	1.463871	-162.109375	-147.167969
1801.326673	1.461276	16.074041	0.092228
1802.352717	0.679528	102.441406	210.742187
1802.354719	0.970309	102.441406	210.742187
1802.356719	1.243224	102.441406	210.742187
1802.358718	1.451565	102.441406	210.742187
1802.360718	1.466651	102.441406	210.742187
1802.362725	1.463275	16.096029	0.103921
1803.390763	0.404615	-119.433594	-151.367187
1803.392764	0.705816	-119.433594	-151.367187
1803.394764	0.995246	-119.433594	-151.367187
1803.396764	1.266319	-119.433594	-151.367187
1803.398769	1.459194	-119.433594	-151.367187
1803.400771	1.466789	-119.433594	-151.367187
1803.402770	1.463544	16.098988	0.090677
1804.428840	0.577795	103.320312	212.500000
1804.430847	0.873839	103.320312	212.500000
1804.432845	1.154008	103.320312	212.500000
1804.434846	1.404699	103.320312	212.500000
1804.438846	1.464561	103.320312	212.500000
1804.440846	1.462018	16.082193	0.349779
1805.468923	0.533246	-175.976562	-147.460937
1805.470928	0.830852	-175.976562	-147.460937
1805.472929	1.114148	-175.976562	-147.460937
1805.474927	1.373739	-175.976562	-147.460937
1805.476926	1.470259	-175.976562	-147.460937
1805.478927	1.466068	16.126745	0.113139
1806.507003	0.725268	115.625000	216.894531
1806.509006	1.013812	115.625000	216.894531
1806.511006	1.283539	115.625000	216.894531
1806.513004	1.465849	115.625000	216.894531
1806.515003	1.469767	115.625000	216.894531
1806.517005	1.466644	16.133081	0.104540
1807.545535	0.485956	-136.328125	-152.343750
1807.547535	0.784960	-136.328125	-152.343750
1807.549536	1.070512	-136.328125	-152.343750
1807.551536	1.336050	-136.328125	-152.343750
1807.553536	1.469826	-136.328125	-152.343750
1807.555537	1.466481	16.131290	0.089327
1808.585560	0.794266	113.964844	217.871094
1808.587563	1.079346	113.964844	217.871094
1808.589561	1.343900	113.964844	217.871094
1808.591562	1.470512	113.964844	217.871094
1808.593561	1.466761	16.134375	0.103832
1809.622131	0.454534	-147.167969	-152.734375
1809.624134	0.754387	-147.167969	-152.734375
1809.626132	1.041463	-147.167969	-152.734375
1809.630143	1.468329	-147.167969	-152.734375
1809.632143	1.466901	-147.167969	-152.734375
1809.634145	1.464103	16.105129	0.089176
1810.662189	0.656586	117.187500	219.238281
1810.664190	0.948568	117.187500	219.238281
1810.666192	1.222920	117.187500	219.238281
1810.668190	1.443263	117.187500	219.238281
1810.670191	1.466591	117.187500	219.238281
1810.672189	1.466483	16.131319	0.109014
1811.698763	0.468580	-159.472656	-153.222656
1811.700763	0.768072	-159.472656	-153.222656
1811.702762	1.054481	-159.472656	-153.222656
1811.704763	1.321283	-159.472656	-153.222656
1811.706764	1.469092	-159.472656	-153.222656
1811.708764	1.466570	16.132267	0.088352
1812.738795	0.454113	105.566406	217.089844
1812.740797	0.753961	105.566406	217.089844
1812.742796	1.041126	105.566406	217.089844
1812.744799	1.308902	105.566406	217.089844
1812.746804	1.468088	105.566406	217.089844
1812.748805	1.466870	16.135572	0.107974
1813.774897	0.366870	-62.890625	-162.402344
1813.776898	0.669221	-62.890625	-162.402344
1813.778898	0.960576	-62.890625	-162.402344
1813.780902	1.234116	-62.890625	-162.402344
1813.782903	1.448349	-62.890625	-162.402344
1813.784902	1.466793	-62.890625	-162.402344
1813.786902	1.463469	16.098156	0.089841
1814.818916	0.778603	114.355469	219.433594
1814.820918	1.064478	114.355469	219.433594
1814.822918	1.330481	114.355469	219.433594
1814.824916	1.469559	114.355469	219.433594
1814.826917	1.466432	16.130751	0.106860
1815.855488	0.931169	-79.101562	-162.304687
1815.857489	1.206785	-79.101562	-162.304687
1815.859490	1.215841	-79.101562	-162.304687
1815.861489	1.467006	-79.101562	-162.304687
1815.863489	1.463446	16.097906	0.644615
1816.894464	0.438197	109.863281	218.945312
1816.896466	0.738547	109.863281	218.945312
1816.898464	1.026361	109.863281	218.945312
1816.900465	1.295184	109.863281	218.945312
1816.902467	1.464897	109.863281	218.945312
1816.904471	1.465760	109.863281	218.945312
1816.908482	1.460563	16.066198	0.107518
1817.928545	0.394858	-128.613281	-158.398437
1817.930549	0.696327	-128.613281	-158.398437
1817.932550	0.986276	-128.613281	-158.398437
1817.934555	1.258027	-128.613281	-158.398437
1817.936557	1.272455	-128.613281	-158.398437
1817.938556	1.466266	-128.613281	-158.398437
1817.940555	1.463076	16.093838	0.089500
1818.972608	0.485786	108.984375	218.750000
1818.974610	0.784787	108.984375	218.750000
1818.976608	1.070390	108.984375	218.750000
1818.978609	1.335861	108.984375	218.750000
1818.980609	1.469747	108.984375	218.750000
1818.982609	1.466400	16.130404	0.106616
1820.006633	0.532071	-56.542969	-164.746094
1820.008635	0.829745	-56.542969	-164.746094
1820.010633	1.112797	-56.542969	-164.746094
1820.012634	1.372529	-56.542969	-164.746094
1820.014635	1.469908	-56.542969	-164.746094
1820.016636	1.465761	16.123367	0.092869
1821.049619	0.460529	106.347656	217.968750
1821.051623	0.760242	106.347656	217.968750
1821.053623	0.769420	106.347656	217.968750
1821.055622	1.314443	106.347656	217.968750
1821.057623	1.468703	106.347656	217.968750
1821.059621	1.466861	16.135473	0.107440
1822.085658	0.804852	-93.164062	-162.109375
1822.087660	1.089386	-93.164062	-162.109375
1822.089661	1.352679	-93.164062	-162.109375
1822.091660	1.469940	-93.164062	-162.109375
1822.093660	1.465929	16.125221	0.086721
1823.126204	0.387050	120.898437	220.800781
1823.128204	0.688841	120.898437	220.800781
1823.130205	0.979239	120.898437	220.800781
1823.132204	1.251490	120.898437	220.800781
1823.134204	1.454622	120.898437	220.800781
1823.136203	1.466997	120.898437	220.800781
1823.138205	1.463747	16.101212	0.109375
1824.160227	0.353836	-87.890625	-162.402344
1824.162228	0.656630	-87.890625	-162.402344
1824.164227	0.948735	-87.890625	-162.402344
1824.166229	1.223191	-87.890625	-162.402344
1824.168228	1.443846	-87.890625	-162.402344
1824.170229	1.467343	-87.890625	-162.402344
1824.172229	1.463974	16.103712	0.090228
1825.202750	0.306664	111.523437	219.140625
1825.204750	0.610941	111.523437	219.140625
1825.206752	0.905313	111.523437	219.140625
1825.208751	0.918019	111.523437	219.140625
1825.210753	1.422574	111.523437	219.140625
1825.212751	1.467463	111.523437	219.140625
1825.214751	1.463748	16.101231	0.112725
1826.240789	0.766643	-176.367187	-153.808594
1826.242788	1.053138	-176.367187	-153.808594
1826.244790	1.320094	-176.367187	-153.808594
1826.246789	1.468388	-176.367187	-153.808594
1826.248789	1.466040	16.126434	0.088539
1827.280860	0.490733	110.742187	219.042969
1827.282864	0.789560	110.742187	219.042969
1827.284865	1.075207	110.742187	219.042969
1827.286865	1.340195	110.742187	219.042969
1827.288865	1.468940	110.742187	219.042969
1827.290864	1.465460	16.120062	0.107062
1828.316887	0.547132	-164.160156	-154.101562
1828.318887	0.844577	-164.160156	-154.101562
1828.320889	1.126595	-164.160156	-154.101562
1828.322890	1.384174	-164.160156	-154.101562
1828.324888	1.470964	-164.160156	-154.101562
1828.326889	1.466718	16.133896	0.093308
1829.356903	0.433644	119.824219	220.410156
1829.358903	0.734148	119.824219	220.410156
1829.360905	1.022189	119.824219	220.410156
1829.362902	1.291384	119.824219	220.410156
1829.364904	1.464540	119.824219	220.410156
1829.368902	1.462972	119.824219	220.410156
1829.370905	1.460798	16.068775	0.117667
1830.395869	0.721640	-163.281250	-152.441406
1830.397873	1.010389	-163.281250	-152.441406
1830.399873	1.280590	-163.281250	-152.441406
1830.401872	1.462353	-163.281250	-152.441406
1830.403872	1.466192	-163.281250	-152.441406
1830.407871	1.460774	16.068520	0.097711
1831.433922	0.465833	105.566406	217.382812
1831.435925	0.765518	105.566406	217.382812
1831.437928	1.052334	105.566406	217.382812
1831.439931	1.319898	105.566406	217.382812
1831.441935	1.469091	105.566406	217.382812
1831.443933	1.466703	16.133728	0.116609
1832.471995	0.447349	-166.699219	-150.683594
1832.473997	0.747473	-166.699219	-150.683594
1832.476002	1.034933	-166.699219	-150.683594
1832.478009	1.304004	-166.699219	-150.683594
1832.480006	1.469290	-166.699219	-150.683594
1832.482006	1.469073	-166.699219	-150.683594
1832.484008	1.466072	16.126789	0.091508
1833.510075	0.388913	109.765625	218.066406
1833.512081	0.690680	109.765625	218.066406
1833.514085	0.982145	109.765625	218.066406
1833.516085	1.254183	109.765625	218.066406
1833.518084	1.455500	109.765625	218.066406
1833.520085	1.466838	109.765625	218.066406
1833.522085	1.463618	16.099794	0.111025
1834.550139	0.515305	-158.007812	-149.902344
1834.552143	0.813531	-158.007812	-149.902344
1834.554142	1.098032	-158.007812	-149.902344
1834.556145	1.360540	-158.007812	-149.902344
1834.558147	1.470321	-158.007812	-149.902344
1834.560145	1.466226	16.128490	0.098001
1835.586190	0.282727	108.105469	216.601562
1835.588192	0.587912	108.105469	216.601562
1835.590197	0.883810	108.105469	216.601562
1835.592201	1.164110	108.105469	216.601562
1835.594201	1.411038	108.105469	216.601562
1835.596199	1.468584	108.105469	216.601562
1835.598200	1.464642	16.111059	0.113236
1836.626228	0.266102	-105.859375	-152.734375
1836.630225	0.868279	-105.859375	-152.734375
1836.632227	1.148593	-105.859375	-152.734375
1836.636226	1.468669	-105.859375	-152.734375
1836.638227	1.464608	-105.859375	-152.734375
1836.640227	1.462085	16.082930	0.097538
1837.666279	0.798270	121.093750	218.066406
1837.668284	1.083244	121.093750	218.066406
1837.670283	1.347382	121.093750	218.066406
1837.672282	1.470298	121.093750	218.066406
1837.674284	1.466613	16.132746	0.109493
1838.705230	0.469149	-42.773437	-156.250000
1838.707232	0.768700	-42.773437	-156.250000
1838.709232	1.055107	-42.773437	-156.250000
1838.711232	1.067988	-42.773437	-156.250000
1838.713230	1.468706	-42.773437	-156.250000
1838.715232	1.466250	16.128748	0.091576
1839.741202	0.441191	110.742187	214.941406
1839.743202	0.741483	110.742187	214.941406
1839.745203	1.029265	110.742187	214.941406
1839.747202	1.297945	110.742187	214.941406
1839.749203	1.466423	110.742187	214.941406
1839.751203	1.466874	110.742187	214.941406
1839.753203	1.463917	16.103090	0.109123
1840.781211	0.304476	-143.847656	-147.851562
1840.783213	0.608976	-143.847656	-147.851562
1840.785213	0.903510	-143.847656	-147.851562
1840.787213	1.181279	-143.847656	-147.851562
1840.789215	1.422001	-143.847656	-147.851562
1840.791214	1.468191	-143.847656	-147.851562
1840.793214	1.464481	16.109285	0.098321
1841.819307	0.579389	106.445312	213.183594
1841.821307	0.875448	106.445312	213.183594
1841.823308	1.155356	106.445312	213.183594
1841.825308	1.163906	106.445312	213.183594
1841.827309	1.468778	106.445312	213.183594
1841.829308	1.464781	16.112591	0.112424
1842.865354	1.240379	-174.902344	-144.335937
1842.867356	1.450866	-174.902344	-144.335937
1842.869356	1.467214	-174.902344	-144.335937
1842.871356	1.463961	16.103569	0.094754
1843.895436	0.420290	117.187500	215.332031
1843.897438	0.721180	117.187500	215.332031
1843.899439	1.010041	117.187500	215.332031
1843.901439	1.280073	117.187500	215.332031
1843.905437	1.466575	117.187500	215.332031
1843.907440	1.463528	117.187500	215.332031
1843.909443	1.461239	16.073624	0.108632
1844.935980	0.306158	-105.957031	-150.000000
1844.937982	0.610583	-105.957031	-150.000000
1844.939981	0.905122	-105.957031	-150.000000
1844.941981	1.182823	-105.957031	-150.000000
1844.943982	1.422846	-105.957031	-150.000000
1844.945982	1.468040	-105.957031	-150.000000
1844.947981	1.464325	16.107576	0.098439
1845.972021	0.348465	105.859375	212.207031
1845.974024	0.651565	105.859375	212.207031
1845.976023	0.943947	105.859375	212.207031
1845.978023	1.218723	105.859375	212.207031
1845.982022	1.467522	105.859375	212.207031
1845.984024	1.464203	105.859375	212.207031
1845.986024	1.461869	16.080563	0.111635
1847.014040	0.422402	-84.667969	-151.464844
1847.016042	0.723195	-84.667969	-151.464844
1847.018042	1.011881	-84.667969	-151.464844
1847.020041	1.281873	-84.667969	-151.464844
1847.022042	1.462977	-84.667969	-151.464844
1847.024040	1.466660	-84.667969	-151.464844
1847.028041	1.461297	16.074263	0.096470
1848.050052	0.438706	105.957031	212.890625
1848.052056	0.453104	105.957031	212.890625
1848.054060	1.027033	105.957031	212.890625
1848.056061	1.087071	105.957031	212.890625
1848.058061	1.310799	105.957031	212.890625
1848.060061	1.467739	105.957031	212.890625
1848.062062	1.464821	16.113035	0.109201
1849.092124	1.723133	-127.246094	-148.730469
1849.094127	0.854321	-127.246094	-148.730469
1849.096134	1.135998	-127.246094	-148.730469
1849.098138	1.392096	-127.246094	-148.730469
1849.100136	1.469877	-127.246094	-148.730469
1849.102137	1.465744	16.123182	0.238011
1850.130204	0.860656	104.589844	213.085937
1850.132205	1.141611	104.589844	213.085937
1850.134205	1.395558	104.589844	213.085937
1850.136206	1.470151	104.589844	213.085937
1850.138206	1.466064	16.126709	0.278431
1851.170232	0.696906	-63.671875	-153.906250
1851.172234	0.986980	-63.671875	-153.906250
1851.174236	1.258720	-63.671875	-153.906250
1851.176236	1.456973	-63.671875	-153.906250
1851.178236	1.466860	-63.671875	-153.906250
1851.180236	1.463689	16.100574	0.102498
1852.204789	0.436192	116.992187	217.480469
1852.206792	0.736537	116.992187	217.480469
1852.208790	1.024622	116.992187	217.480469
1852.210791	1.293575	116.992187	217.480469
1852.212792	1.464985	116.992187	217.480469
1852.214792	1.466165	116.992187	217.480469
1852.216793	1.463133	16.094460	0.110759
1853.245374	1.170218	-136.425781	-149.707031
1853.247376	0.690933	-136.425781	-149.707031
1853.249376	0.981291	-136.425781	-149.707031
1853.251376	1.253377	-136.425781	-149.707031
1853.255377	1.466773	-136.425781	-149.707031
1853.257376	1.463585	-136.425781	-149.707031
1853.259376	1.461392	16.075317	0.094461
1854.283421	1.472897	117.773437	218.652344
1854.285423	0.855047	117.773437	218.652344
1854.287422	1.136361	117.773437	218.652344
1854.289422	1.391544	117.773437	218.652344
1854.291422	1.469798	117.773437	218.652344
1854.293423	1.465670	16.122368	0.255435
1855.322370	0.419811	-90.820312	-154.199219
1855.324372	0.720715	-90.820312	-154.199219
1855.326374	1.009600	-90.820312	-154.199219
1855.328372	1.022073	-90.820312	-154.199219
1855.330372	1.462756	-90.820312	-154.199219
1855.332372	1.466980	-90.820312	-154.199219
1855.334372	1.463908	16.102985	0.094138
1856.360411	0.394181	109.960937	218.261719
1856.362413	0.695922	109.960937	218.261719
1856.366414	0.995856	109.960937	218.261719
1856.368413	1.456910	109.960937	218.261719
1856.370414	1.467089	109.960937	218.261719
1856.372415	1.463949	16.103437	0.112567
1857.400427	0.664689	-147.070312	-151.171875
1857.402429	0.956430	-147.070312	-151.171875
1857.404428	1.230422	-147.070312	-151.171875
1857.406427	1.447055	-147.070312	-151.171875
1857.408430	1.467553	-147.070312	-151.171875
1857.410429	1.464219	16.106415	0.102413
1858.438491	0.489100	117.187500	220.117187
1858.440493	0.788144	117.187500	220.117187
1858.442493	1.073725	117.187500	220.117187
1858.444493	1.339004	117.187500	220.117187
1858.446493	1.470989	117.187500	220.117187
1858.450491	1.464875	16.113628	0.111469
1859.475441	0.395510	-121.972656	-154.980469
1859.477445	0.697239	-121.972656	-154.980469
1859.479444	0.987516	-121.972656	-154.980469
1859.481443	1.259218	-121.972656	-154.980469
1859.483445	1.457123	-121.972656	-154.980469
1859.485443	1.466845	-121.972656	-154.980469
1859.487443	1.463676	16.100441	0.096429
1860.515476	0.361405	107.910156	219.140625
1860.517474	0.664174	107.910156	219.140625
1860.519474	0.955924	107.910156	219.140625
1860.521476	1.229965	107.910156	219.140625
1860.523474	1.447017	107.910156	219.140625
1860.525475	1.467921	107.910156	219.140625
1860.527475	1.464660	16.111261	0.116137
1861.551493	0.238341	-144.531250	-154.296875
1861.553494	0.545728	-144.531250	-154.296875
1861.555493	0.843236	-144.531250	-154.296875
1861.557493	1.125442	-144.531250	-154.296875
1861.559495	1.383427	-144.531250	-154.296875
1861.561494	1.472316	-144.531250	-154.296875
1861.563493	1.468044	16.148485	0.098758
1862.593564	0.402115	106.054687	218.750000
1862.595565	0.703580	106.054687	218.750000
1862.597564	0.993302	106.054687	218.750000
1862.599565	1.264582	106.054687	218.750000
1862.601566	1.458673	106.054687	218.750000
1862.603565	1.466833	106.054687	218.750000
1862.605565	1.463647	16.100113	0.121589
1863.629610	0.461970	-58.886719	-161.914062
1863.631614	0.761789	-58.886719	-161.914062
1863.633613	1.048566	-58.886719	-161.914062
1863.635615	1.315956	-58.886719	-161.914062
1863.637616	1.469360	-58.886719	-161.914062
1863.639617	1.467446	16.141909	0.098439
1864.672568	0.619410	114.746094	220.996094
1864.674570	0.913446	114.746094	220.996094
1864.676568	1.190473	114.746094	220.996094
1864.678570	1.427359	114.746094	220.996094
1864.680568	1.468053	114.746094	220.996094
1864.682569	1.464373	16.108097	0.117773
1865.707147	0.593462	-167.773437	-152.929687
1865.709149	0.888832	-167.773437	-152.929687
1865.711154	0.912668	-167.773437	-152.929687
1865.713155	1.414113	-167.773437	-152.929687
1865.715155	1.468673	-167.773437	-152.929687
1865.719154	1.462358	16.085934	0.098736
1866.749173	0.473306	106.347656	219.042969
1866.751175	0.772737	106.347656	219.042969
1866.753174	1.058962	106.347656	219.042969
1866.755175	1.325569	106.347656	219.042969
1866.757175	1.469482	106.347656	219.042969
1866.759174	1.466798	16.134783	0.115593
1867.785205	0.743076	-61.718750	-163.574219
1867.787206	1.030792	-61.718750	-163.574219
1867.789206	1.299324	-61.718750	-163.574219
1867.791206	1.466798	-61.718750	-163.574219
1867.793206	1.467131	-61.718750	-163.574219
1867.795207	1.464223	16.106449	0.094056
1868.827230	0.528819	110.449219	219.726562
1868.829233	0.826698	110.449219	219.726562
1868.831233	1.110125	110.449219	219.726562
1868.833232	1.120528	110.449219	219.726562
1868.835233	1.469643	110.449219	219.726562
1868.837233	1.465511	16.120621	0.111966
1869.861270	0.537008	-112.402344	-159.375000
1869.863271	0.834761	-112.402344	-159.375000
1869.865271	1.117581	-112.402344	-159.375000
1869.867271	1.376518	-112.402344	-159.375000
1869.869272	1.469572	-112.402344	-159.375000
1869.871271	1.465400	16.119396	0.135169
1870.903325	0.421793	111.523437	220.019531
1870.905328	0.722672	111.523437	220.019531
1870.907327	1.011443	111.523437	220.019531
1870.909329	1.281409	111.523437	220.019531
1870.911328	1.462884	111.523437	220.019531
1870.913329	1.466616	111.523437	220.019531
1870.915327	1.463498	16.098484	0.115462
1871.937430	0.382342	-95.703125	-160.156250
1871.939432	0.684395	-95.703125	-160.156250
1871.941432	0.975082	-95.703125	-160.156250
1871.943432	1.247638	-95.703125	-160.156250
1871.945432	1.453422	-95.703125	-160.156250
1871.947431	1.467142	-95.703125	-160.156250
1871.949432	1.463955	16.103508	0.096419
1872.981486	0.550953	107.519531	219.921875
1872.983486	0.848339	107.519531	219.921875
1872.985487	1.130186	107.519531	219.921875
1872.987487	1.386990	107.519531	219.921875
1872.989487	1.470823	107.519531	219.921875
1872.991487	1.466776	16.134535	0.223756
1874.015531	0.404256	-147.167969	-154.394531
1874.017532	0.705684	-147.167969	-154.394531
1874.019534	0.995323	-147.167969	-154.394531
1874.021534	1.266586	-147.167969	-154.394531
1874.023533	1.459547	-147.167969	-154.394531
1874.025534	1.467214	-147.167969	-154.394531
1874.027535	1.464085	16.104935	0.093861
1875.057570	0.460550	104.296875	218.945312
1875.059573	0.760380	104.296875	218.945312
1875.061571	1.047273	104.296875	218.945312
1875.063571	1.314684	104.296875	218.945312
1875.065572	1.468447	104.296875	218.945312
1875.067573	1.466576	16.132338	0.122658
1876.095632	0.767915	-137.011719	-154.296875
1876.097636	1.054396	-137.011719	-154.296875
1876.101634	1.326392	-137.011719	-154.296875
1876.103636	1.466808	-137.011719	-154.296875
1876.105635	1.464012	16.104136	0.094674
1877.133697	0.399781	107.812500	219.628906
1877.135699	0.701422	107.812500	219.628906
1877.137700	0.991279	107.812500	219.628906
1877.139701	1.262816	107.812500	219.628906
1877.141699	1.458437	107.812500	219.628906
1877.143701	1.467156	107.812500	219.628906
1877.145700	1.464056	16.104614	0.118072
1878.171752	0.510706	-121.191406	-154.492187
1878.173753	0.809215	-121.191406	-154.492187
1878.175754	0.821723	-121.191406	-154.492187
1878.177756	1.356550	-121.191406	-154.492187
1878.179755	1.470996	-121.191406	-154.492187
1878.181755	1.466953	16.136484	0.094257
1879.211812	0.558683	110.937500	220.214844
1879.213814	0.855805	110.937500	220.214844
1879.215815	1.137138	110.937500	220.214844
1879.217814	1.392130	110.937500	220.214844
1879.219813	1.469546	110.937500	220.214844
1879.221815	1.465444	16.119884	0.251559
1880.251848	0.831469	-138.281250	-151.562500
1880.253851	1.114593	-138.281250	-151.562500
1880.255850	1.374286	-138.281250	-151.562500
1880.257849	1.470499	-138.281250	-151.562500
1880.259851	1.466333	16.129662	0.122624
1881.287922	0.473534	106.738281	218.359375
1881.289924	0.773018	106.738281	218.359375
1881.291925	1.059325	106.738281	218.359375
1881.293924	1.325948	106.738281	218.359375
1881.297921	1.467375	106.738281	218.359375
1881.301922	1.462690	16.089594	0.114979
1882.327991	0.579898	-124.316406	-151.367187
1882.329994	0.876148	-124.316406	-151.367187
1882.333993	1.406008	-124.316406	-151.367187
1882.335994	1.469671	-124.316406	-151.367187
1882.337993	1.465737	16.123102	0.341395
1883.364029	0.348524	107.910156	218.164062
1883.366030	0.651756	107.910156	218.164062
1883.368033	0.944291	107.910156	218.164062
1883.370032	1.219163	107.910156	218.164062
1883.374030	1.468414	107.910156	218.164062
1883.376032	1.468256	107.910156	218.164062
1883.378032	1.462756	16.090321	0.117177
1884.404042	0.409225	-109.570312	-151.367187
1884.406043	0.710530	-109.570312	-151.367187
1884.408042	1.000054	-109.570312	-151.367187
1884.410044	1.270899	-109.570312	-151.367187
1884.412043	1.460754	-109.570312	-151.367187
1884.414044	1.467185	-109.570312	-151.367187
1884.416044	1.464041	16.104456	0.099787
1885.442096	0.560545	107.031250	217.285156
1885.444098	0.857659	107.031250	217.285156
1885.446099	1.138807	107.031250	217.285156
1885.448102	1.393448	107.031250	217.285156
1885.452104	1.465822	107.031250	217.285156
1885.454104	1.463423	16.097649	0.129531
1886.482197	0.440734	-72.460937	-152.636719
1886.484200	0.741122	-72.460937	-152.636719
1886.486199	1.029053	-72.460937	-152.636719
1886.488199	1.297827	-72.460937	-152.636719
1886.490200	1.304088	-72.460937	-152.636719
1886.492199	1.467478	-72.460937	-152.636719
1886.494200	1.464565	16.110216	0.097818
1887.518228	0.362211	104.199219	215.039062
1887.520230	0.664917	104.199219	215.039062
1887.522230	0.956714	104.199219	215.039062
1887.524230	1.230649	104.199219	215.039062
1887.526230	1.447258	104.199219	215.039062
1887.528231	1.467748	104.199219	215.039062
1887.530229	1.464469	16.109163	0.123748
1888.560297	0.579047	-150.488281	-145.703125
1888.562298	0.875290	-150.488281	-145.703125
1888.564298	1.155297	-150.488281	-145.703125
1888.566298	1.405498	-150.488281	-145.703125
1888.568299	1.469729	-150.488281	-145.703125
1888.570298	1.469571	16.165287	0.103252
1889.598325	0.856283	123.242187	217.773437
1889.600326	1.137426	123.242187	217.773437
1889.602326	1.392497	123.242187	217.773437
1889.604326	1.470120	123.242187	217.773437
1889.606325	1.465947	16.125414	0.119492
1890.637239	0.542871	-75.000000	-151.562500
1890.639242	0.840439	-75.000000	-151.562500
1890.641242	1.122835	-75.000000	-151.562500
1890.643242	1.381015	-75.000000	-151.562500
1890.645243	1.470145	-75.000000	-151.562500
1890.647242	1.465907	16.124971	0.174691
1891.675769	0.874162	104.296875	213.378906
1891.677770	1.154154	104.296875	213.378906
1891.679772	1.404418	104.296875	213.378906
1891.681772	1.469089	104.296875	213.378906
1891.683770	1.465111	16.116224	0.354272
1892.715828	0.675801	-148.828125	-145.605469
1892.717831	0.967112	-148.828125	-145.605469
1892.719830	1.240320	-148.828125	-145.605469
1892.721830	1.451458	-148.828125	-145.605469
1892.723832	1.468004	-148.828125	-145.605469
1892.725836	1.467785	16.145630	0.099081
1893.749868	0.395469	121.191406	216.699219
1893.751872	0.697144	121.191406	216.699219
1893.753872	0.987314	121.191406	216.699219
1893.755870	1.259052	121.191406	216.699219
1893.759868	1.467343	121.191406	216.699219
1893.761870	1.464276	121.191406	216.699219
1893.763869	1.462114	16.083258	0.115285
1894.789899	0.241154	-33.984375	-154.492187
1894.791901	0.548507	-33.984375	-154.492187
1894.793900	0.845909	-33.984375	-154.492187
1894.795901	1.127962	-33.984375	-154.492187
1894.797901	1.385504	-33.984375	-154.492187
1894.799901	1.472311	-33.984375	-154.492187
1894.801903	1.468174	16.149920	0.112712
1895.827909	0.543941	109.179687	215.234375
1895.831910	1.123905	109.179687	215.234375
1895.833911	1.381894	109.179687	215.234375
1895.835913	1.470827	109.179687	215.234375
1895.837913	1.466624	16.132868	0.188754
1896.867962	0.298735	-121.972656	-147.656250
1896.869962	0.603583	-121.972656	-147.656250
1896.871962	0.898567	-121.972656	-147.656250
1896.873962	1.176788	-121.972656	-147.656250
1896.875963	1.419446	-121.972656	-147.656250
1896.877962	1.468669	-121.972656	-147.656250
1896.881963	1.462491	16.087406	0.103744
1897.904019	0.401906	113.867187	216.894531
1897.906021	0.703375	113.867187	216.894531
1897.908021	0.993129	113.867187	216.894531
1897.910026	1.264460	113.867187	216.894531
1897.912029	1.458895	113.867187	216.894531
1897.914028	1.466813	113.867187	216.894531
1897.916026	1.463675	16.100424	0.118190
1898.946097	0.483356	-143.359375	-146.484375
1898.948097	0.782612	-143.359375	-146.484375
1898.950098	1.068541	-143.359375	-146.484375
1898.952099	1.334351	-143.359375	-146.484375
1898.954099	1.470810	-143.359375	-146.484375
1898.956097	1.467612	16.143734	0.098655
