num crossings	time (s)	maj axis (mm)	min axis (mm)	theta (rad )	slope (V/s)
1743	2123.921158	50.212220	9.764856	-1.592032	21.813217
1745	2125.995661	50.588705	10.053100	-1.594502	16.511711
1747	2128.049109	50.446394	9.346072	-1.599784	15.324579
1749	2130.128940	50.300496	11.932368	-1.580865	19.981665
1751	2132.193108	50.508013	11.858786	-1.586930	11.938509
1753	2134.270827	56.462906	9.854146	-1.493475	18.740857
1755	2136.331996	50.661296	10.083509	-1.578346	13.414616
1757	2138.404193	50.755650	9.427552	-1.587154	18.104889
1759	2140.474365	50.310825	9.884976	-1.564853	15.598621
1761	2142.537872	50.929772	9.248137	-1.582180	14.570687
1763	2144.606451	52.185769	11.026997	-1.482087	17.110402
1765	2146.667781	49.588543	6.494977	-1.594028	15.559417
1767	2148.741063	50.180766	9.501750	-1.579447	17.112681
1769	2150.813065	50.578565	11.291935	-1.557239	15.814779
1771	2152.875025	57.284809	9.853932	-1.481348	16.155284
1773	2154.945920	57.709917	9.223377	-1.475911	16.288654
1775	2157.017797	52.103118	10.744612	-1.479663	15.575626
1777	2159.079463	50.804534	9.311918	-1.577647	16.748541
1779	2161.152852	57.577989	8.752106	-1.473093	15.333585
1781	2163.222374	52.655724	10.523278	-1.471232	16.976090
1783	2165.282598	49.940975	9.453904	-1.564414	14.835318
1785	2167.360202	49.509029	9.321379	-1.545720	16.469661
1787	2169.428107	48.916744	5.764866	-1.555031	16.768912
1789	2171.489110	49.305371	5.180046	-1.579399	15.630161
1791	2173.559502	54.739270	7.356473	-1.599904	16.209663
1793	2175.631898	56.419551	8.577920	-1.461597	15.590785
1795	2177.703345	52.110340	9.996691	-1.476952	16.142858
1797	2179.770014	49.846994	8.930803	-1.542531	15.876588
1799	2181.838106	49.114244	5.960129	-1.554585	16.280624
1801	2183.906898	50.597691	8.812082	-1.551386	15.923850
1803	2185.975229	50.466652	11.080463	-1.535250	15.345019
1805	2188.043482	50.332191	9.252737	-1.534786	16.089867
1807	2190.108785	50.135638	9.073438	-1.533268	15.726717
1809	2192.172828	50.442511	8.532266	-1.542696	15.565817
1811	2194.238884	49.766039	10.759274	-1.526932	16.226156
1813	2196.313286	55.855561	8.870726	-1.441020	15.354973
1815	2198.384489	52.447344	9.287029	-1.458520	15.963391
1817	2200.446018	48.486421	6.930629	-1.516951	16.196037
1819	2202.512813	48.391526	5.544976	-1.524324	15.639403
1821	2204.589098	50.236117	8.708296	-1.537412	16.592394
1823	2206.655313	50.573130	10.771058	-1.515401	16.404061
1825	2208.717938	51.505258	10.111613	-1.443936	16.238184
1827	2210.789006	50.428063	8.302895	-1.521430	15.708466
1829	2212.862824	52.002322	9.219161	-1.446111	16.296662
1831	2214.928838	50.502815	8.407138	-1.521788	15.783965
1833	2216.992110	50.423965	8.996893	-1.507841	16.463045
1835	2219.058139	55.649073	6.446068	-1.561368	15.625553
1837	2221.129164	51.959123	9.797868	-1.424319	16.321035
1839	2223.198561	52.702011	9.066652	-1.564773	15.873434
1841	2225.269409	49.922691	8.665839	-1.499709	16.372237
1843	2227.336736	49.601887	8.360816	-1.500731	15.456145
1845	2229.404340	49.913956	8.135796	-1.511563	16.045495
1847	2231.470163	50.129662	8.678168	-1.497773	16.295915
1849	2233.537090	53.122713	8.020102	-1.540060	15.185090
1851	2235.606837	50.044473	8.437052	-1.496475	15.774012
1853	2237.679244	49.257209	8.271955	-1.488758	16.376404
1855	2239.752099	49.905341	7.793965	-1.497204	16.778813
1857	2241.815965	50.119702	10.172664	-1.485032	15.806968
1859	2243.879155	49.734907	10.242270	-1.490128	15.966819
1861	2245.947308	53.658670	8.656350	-1.440613	16.423837
1863	2248.023235	54.596582	5.042568	-1.530163	16.543093
1865	2250.092778	50.189928	10.047070	-1.473368	16.345724
1867	2252.155706	49.946777	10.391760	-1.478678	16.342072
1869	2254.220402	50.261186	8.294631	-1.483983	15.992529
1871	2256.291893	55.849170	6.013701	-1.528388	15.356357
1873	2258.363413	49.666176	9.888971	-1.471123	15.921520
1875	2260.432980	49.733255	9.946072	-1.468365	16.111302
1877	2262.502736	50.009605	9.813166	-1.467979	15.585679
1879	2264.570088	50.830692	9.527727	-1.378630	15.392433
1881	2266.636808	49.990885	7.612451	-1.484931	16.367610
1883	2268.704396	53.115385	9.109057	-1.388371	15.838855
1885	2270.773809	49.746421	7.784652	-1.465779	16.018744
1887	2272.842237	48.041655	5.101940	-1.473805	15.990898
1889	2274.911433	54.920273	6.539928	-1.527591	15.838341
1891	2276.980906	49.751944	9.769390	-1.457342	15.996153
1893	2279.047511	57.135662	7.144948	-1.399513	15.922344
1895	2281.111666	56.649181	7.155597	-1.397055	16.457031
1897	2283.175730	52.152892	9.015248	-1.381896	16.033351
1899	2285.245740	53.054375	6.592400	-1.506112	16.190784
1901	2287.317389	56.858791	8.141738	-1.378337	16.182555
1903	2289.389750	51.266018	8.114282	-1.384642	16.611623
1905	2291.456432	48.505789	5.306736	-1.456654	15.709602
1907	2293.520774	48.476833	4.615419	-1.454375	16.452804
1909	2295.585608	49.691647	7.039107	-1.457448	16.052583
1911	2297.654626	49.253339	9.477830	-1.437582	16.023442
1913	2299.727706	49.544934	7.742817	-1.445580	15.634897
1915	2301.798579	49.670153	7.290133	-1.455699	16.080927
1917	2303.868504	49.486470	7.793224	-1.439735	16.341396
1919	2305.936242	54.098545	5.359968	-1.491910	16.035987
1921	2308.004192	49.917321	7.590475	-1.434361	16.339302
1923	2310.072207	49.534868	7.308792	-1.434610	16.115447
1925	2312.140383	49.825850	7.038446	-1.443672	16.484281
1927	2314.208502	53.121914	8.111500	-1.365367	16.419905
1929	2316.277824	49.411849	7.134973	-1.429969	16.603584
1931	2318.346101	47.950913	5.027263	-1.425271	16.545253
1933	2320.414257	49.376343	7.088569	-1.425625	16.242416
1935	2322.480369	50.047928	6.859957	-1.438645	15.989537
1937	2324.546374	49.802326	7.578339	-1.426903	15.972546
1939	2326.612299	53.248728	5.855065	-1.491670	16.031302
1941	2328.678520	47.293704	9.111291	-1.350592	15.704448
1943	2330.749545	49.562158	6.906556	-1.433990	16.205058
1945	2332.821662	49.369747	7.195337	-1.418352	16.077868
1947	2334.893107	49.782772	6.561654	-1.429393	16.582139
1949	2336.960592	49.721020	8.895394	-1.410415	16.413678
1951	2339.025391	49.663229	8.939517	-1.413832	16.309041
1953	2341.090839	53.614851	7.885078	-1.343975	15.212760
1955	2343.157354	51.193883	7.147720	-1.469433	16.159487
1957	2345.224723	49.241773	8.718776	-1.412900	15.688329
1959	2347.295341	49.154142	8.319458	-1.348546	16.276270
1961	2349.365289	49.681329	6.546188	-1.420787	15.969080
1963	2351.434626	49.447307	8.576630	-1.404364	16.418912
1965	2353.503263	56.983834	6.505876	-1.352338	15.764753
1967	2355.571157	51.560049	6.855077	-1.353000	15.749273
1969	2357.637710	49.109261	6.667463	-1.401582	15.792568
1971	2359.704032	49.546473	6.352833	-1.414478	15.521989
1973	2361.772539	49.240216	8.301645	-1.399825	16.654370
1975	2363.840212	53.433558	7.836281	-1.325797	15.931286
1977	2365.909031	49.206824	6.435118	-1.395255	16.112798
1979	2367.979352	51.282425	6.881492	-1.458804	16.168323
1981	2370.050934	49.188278	6.830542	-1.398518	16.340382
1983	2372.122121	53.838872	5.605335	-1.451586	16.409846
1985	2374.190209	55.810090	6.299450	-1.342654	16.275244
1987	2376.257401	53.474193	7.185334	-1.325982	16.522155
1989	2378.322403	49.608630	6.106779	-1.400795	16.235557
1991	2380.387423	51.299446	7.355720	-1.330644	16.124234
1993	2382.455233	49.522350	6.025182	-1.396531	15.894557
1995	2384.523773	49.380541	6.688692	-1.385268	16.015700
1997	2386.593270	49.641303	5.972696	-1.397593	16.420859
1999	2388.662706	49.215226	6.942361	-1.385062	16.034404
2001	2390.732308	53.699743	5.255498	-1.450059	16.463281
2003	2392.801363	52.478387	7.489973	-1.296747	15.862240
2005	2394.870051	48.224864	3.664696	-1.383842	16.317756
2007	2396.938164	53.346268	5.579451	-1.440915	16.102335
2009	2399.005721	49.344395	6.594542	-1.378350	16.128054
2011	2401.071819	48.177789	2.475199	-1.388833	16.457457
2013	2403.139404	49.287707	6.084174	-1.376734	16.542745
2015	2405.206456	49.450350	5.968272	-1.376743	16.207114
2017	2407.274328	49.186239	5.932870	-1.377772	16.269592
2019	2409.344382	47.865774	3.944419	-1.375934	16.315839
2021	2411.415473	48.211676	4.073677	-1.370115	16.578958
2023	2413.486087	54.224299	3.884940	-1.424668	16.320207
2025	2415.556223	51.825922	6.460254	-1.309671	16.337507
2027	2417.624763	49.545771	5.568782	-1.379318	16.383728
2029	2419.693618	49.364061	6.281300	-1.364437	15.844874
2031	2421.757772	49.211956	5.852132	-1.365792	16.125208
2033	2423.825929	49.222570	5.793904	-1.365650	16.032392
2035	2425.891950	49.404668	5.619896	-1.376805	16.274021
2037	2427.957915	56.955388	5.890051	-1.307282	16.286742
2039	2430.025529	49.429642	6.033824	-1.362228	15.913471
2041	2432.093727	49.383646	5.757799	-1.359226	16.028465
2043	2434.162324	48.449756	2.183018	-1.368304	15.989978
2045	2436.230039	49.196578	5.638259	-1.357238	15.900507
2047	2438.298483	48.772593	2.342010	-1.361420	15.890978
2049	2440.370750	49.364348	5.372611	-1.366107	16.530282
2051	2442.435428	48.598507	7.699757	-1.349027	15.685445
