time (s)	coil I (A)	last det (V)	int current (uC)
2128.390452	0.258980	-105.957031	-109.570312
2128.392454	0.536895	-105.957031	-109.570312
2128.394452	0.807219	-105.957031	-109.570312
2128.396454	1.049931	-105.957031	-109.570312
2128.398455	1.106226	-105.957031	-109.570312
2128.400455	1.103222	12.135437	0.164815
2129.386517	0.677067	81.835937	205.273437
2129.388525	0.941235	81.835937	205.273437
2129.392526	1.106944	81.835937	205.273437
2129.394525	1.104694	81.835937	205.273437
2129.396525	1.103311	12.136421	0.135839
2130.474531	0.254424	-107.714844	-113.671875
2130.476534	0.532511	-107.714844	-113.671875
2130.478535	0.802945	-107.714844	-113.671875
2130.480535	1.046721	-107.714844	-113.671875
2130.482534	1.105017	-107.714844	-113.671875
2130.484538	1.102023	12.122251	0.134984
2131.452593	0.453599	79.199219	203.906250
2131.454595	0.465503	79.199219	203.906250
2131.456596	0.986494	79.199219	203.906250
2131.458594	1.105687	79.199219	203.906250
2131.460595	1.103369	12.137059	0.140721
2132.536642	0.313595	-71.777344	-109.667969
2132.538643	0.589036	-71.777344	-109.667969
2132.540643	0.857372	-71.777344	-109.667969
2132.542643	1.076864	-71.777344	-109.667969
2132.544643	1.104231	-71.777344	-109.667969
2132.546643	1.101585	12.117438	0.174231
2133.516675	0.341153	84.472656	207.519531
2133.518678	0.615892	84.472656	207.519531
2133.520679	0.882887	84.472656	207.519531
2133.522680	1.087371	84.472656	207.519531
2133.524677	1.104039	84.472656	207.519531
2133.526678	1.101495	12.116446	0.129077
2134.616727	0.343895	-101.660156	-109.765625
2134.618734	0.618600	-101.660156	-109.765625
2134.620738	0.887097	-101.660156	-109.765625
2134.622741	1.088771	-101.660156	-109.765625
2134.624742	1.103924	-101.660156	-109.765625
2134.626742	1.101384	12.115222	0.138965
2135.588764	0.484644	83.496094	196.777344
2135.590766	0.755803	83.496094	196.777344
2135.592766	1.012302	83.496094	196.777344
2135.594764	1.105889	83.496094	196.777344
2135.596766	1.103032	12.133354	0.184982
2136.676786	0.557596	-75.000000	-107.617187
2136.678788	0.827343	-75.000000	-107.617187
2136.680785	1.061657	-75.000000	-107.617187
2136.682788	1.104923	-75.000000	-107.617187
2136.684786	1.102087	12.122960	0.585996
2137.655345	0.454910	83.007812	193.945312
2137.657347	0.726695	83.007812	193.945312
2137.659347	0.987568	83.007812	193.945312
2137.661348	1.106461	83.007812	193.945312
2137.663349	1.104295	12.147250	0.128059
2138.749404	0.372272	-90.722656	-108.203125
2138.751405	0.646200	-90.722656	-108.203125
2138.753405	0.911802	-90.722656	-108.203125
2138.755406	1.096549	-90.722656	-108.203125
2138.757406	1.104149	-90.722656	-108.203125
2138.759405	1.101723	12.118954	0.139255
2139.725453	0.536711	86.132812	200.000000
2139.727454	0.806848	86.132812	200.000000
2139.729456	1.049158	86.132812	200.000000
2139.731455	1.104844	86.132812	200.000000
2139.733454	1.101821	12.120034	0.145236
2140.820012	0.470049	-92.578125	-110.839844
2140.822015	0.741545	-92.578125	-110.839844
2140.826013	1.106005	-92.578125	-110.839844
2140.828014	1.103509	-92.578125	-110.839844
2140.830015	1.101376	12.115134	0.156631
2141.792026	0.451053	84.375000	201.464844
2141.794027	0.722821	84.375000	201.464844
2141.796030	0.983933	84.375000	201.464844
2141.798028	1.104676	84.375000	201.464844
2141.800028	1.102484	12.127328	0.138753
2142.880599	0.225677	-59.277344	-111.425781
2142.882603	0.506063	-59.277344	-111.425781
2142.884601	0.776935	-59.277344	-111.425781
2142.886601	1.028744	-59.277344	-111.425781
2142.888602	1.105856	-59.277344	-111.425781
2142.890601	1.102903	12.131927	0.166923
2143.862617	0.770826	82.617187	206.250000
2143.864618	1.024295	82.617187	206.250000
2143.866617	1.027493	82.617187	206.250000
2143.868619	1.103520	12.138717	0.267590
2144.953154	0.503975	-80.175781	-115.429687
2144.955155	0.931130	-80.175781	-115.429687
2144.957155	1.100046	-80.175781	-115.429687
2144.959155	1.103246	-80.175781	-115.429687
2144.961155	1.100833	12.109161	0.144150
2145.936084	0.224569	85.058594	204.394531
2145.938084	0.504863	85.058594	204.394531
2145.940083	0.775680	85.058594	204.394531
2145.942083	1.027772	85.058594	204.394531
2145.944084	1.106108	85.058594	204.394531
2145.946084	1.103162	12.134781	0.132644
2147.012118	0.503961	-120.898437	-114.550781
2147.014120	0.774826	-120.898437	-114.550781
2147.016120	1.027218	-120.898437	-114.550781
2147.018120	1.106170	-120.898437	-114.550781
2147.020120	1.103252	12.135774	0.283779
2148.004142	0.348028	87.500000	194.921875
2148.008142	0.889054	87.500000	194.921875
2148.010143	1.089048	87.500000	194.921875
2148.012144	1.103374	87.500000	194.921875
2148.014144	1.100767	12.108433	0.153370
2149.086232	0.344985	-93.652344	-110.156250
2149.088233	0.619591	-93.652344	-110.156250
2149.090233	0.886485	-93.652344	-110.156250
2149.092233	1.088587	-93.652344	-110.156250
2149.094234	1.103956	-93.652344	-110.156250
2149.096233	1.101359	12.114948	0.139785
2150.066772	0.458960	84.863281	192.480469
2150.068774	0.730587	84.863281	192.480469
2150.072772	1.106153	84.863281	192.480469
2150.074774	1.103801	84.863281	192.480469
2150.076773	1.101642	12.118058	0.130710
2151.160804	0.722876	-77.734375	-114.257812
2151.162807	0.984137	-77.734375	-114.257812
2151.164807	1.104891	-77.734375	-114.257812
2151.166807	1.102731	12.130039	0.168500
2152.137352	0.743192	80.371094	199.707031
2152.139356	1.001764	80.371094	199.707031
2152.141356	1.105607	80.371094	199.707031
2152.143355	1.102998	12.132975	0.145459
2153.219398	0.527167	-113.769531	-117.871094
2153.223398	1.043272	-113.769531	-117.871094
2153.225402	1.105459	-113.769531	-117.871094
2153.227401	1.102467	12.127142	0.145846
2154.215451	0.730788	82.910156	189.550781
2154.217454	0.991128	82.910156	189.550781
2154.219453	1.105327	82.910156	189.550781
2154.221455	1.103021	12.133230	0.128009
2155.293548	0.739336	-111.523437	-112.011719
2155.295552	0.998654	-111.523437	-112.011719
2155.297550	1.106037	-111.523437	-112.011719
2155.299550	1.103447	12.137919	0.160484
2156.269589	0.483553	83.691406	190.136719
2156.273587	1.011287	83.691406	190.136719
2156.275590	1.105850	83.691406	190.136719
2156.277590	1.105791	12.163699	0.182482
2157.363678	0.477213	-77.050781	-116.210937
2157.365681	0.748426	-77.050781	-116.210937
2157.367680	1.006369	-77.050781	-116.210937
2157.369680	1.106282	-77.050781	-116.210937
2157.371681	1.103500	12.138494	0.156310
2158.344296	1.543082	82.031250	199.316406
2158.346297	0.799939	82.031250	199.316406
2158.350295	1.104829	82.031250	199.316406
2158.352298	1.101774	82.031250	199.316406
2158.354298	1.099794	12.097737	0.428531
2159.422372	0.327656	-97.558594	-116.992187
2159.424372	0.602702	-97.558594	-116.992187
2159.426373	0.870371	-97.558594	-116.992187
2159.428372	1.082775	-97.558594	-116.992187
2159.430373	1.104607	-97.558594	-116.992187
2159.432373	1.102123	12.123349	0.160320
2160.416411	0.326235	88.964844	190.332031
2160.418411	0.601235	88.964844	190.332031
2160.420412	0.868826	88.964844	190.332031
2160.422411	1.081580	88.964844	190.332031
2160.424411	1.103800	88.964844	190.332031
2160.426412	1.101145	12.112590	0.135367
2161.500423	0.690442	-72.070312	-110.937500
2161.502425	0.953946	-72.070312	-110.937500
2161.506424	1.103967	-72.070312	-110.937500
2161.508425	1.101639	12.118032	0.155485
2162.475416	0.709656	87.500000	200.781250
2162.477418	0.971879	87.500000	200.781250
2162.479420	1.105282	87.500000	200.781250
2162.481417	1.103865	12.142518	0.145301
2163.567514	0.466718	-102.929687	-118.359375
2163.569516	0.738200	-102.929687	-118.359375
2163.571516	0.997747	-102.929687	-118.359375
2163.573517	1.106588	-102.929687	-118.359375
2163.575516	1.103908	12.142987	0.143230
2164.553544	0.492054	86.816406	199.902344
2164.555547	0.762937	86.816406	199.902344
2164.557546	1.018176	86.816406	199.902344
2164.559547	1.107231	86.816406	199.902344
2164.561546	1.104371	12.148085	0.131377
2165.626061	0.439727	-106.640625	-114.941406
2165.628062	0.711799	-106.640625	-114.941406
2165.630064	0.974041	-106.640625	-114.941406
2165.632061	1.104723	-106.640625	-114.941406
2165.634063	1.103060	12.133665	0.166284
2166.620117	0.649736	90.820312	189.746094
2166.622120	0.915094	90.820312	189.746094
2166.624119	1.096859	90.820312	189.746094
2166.626120	1.103479	90.820312	189.746094
2166.628121	1.100950	12.110454	0.144071
2167.707090	0.475302	-73.046875	-112.011719
2167.709091	0.746561	-73.046875	-112.011719
2167.711092	1.004777	-73.046875	-112.011719
2167.713092	1.106481	-73.046875	-112.011719
2167.715090	1.103712	12.140834	0.144557
2168.678004	0.247338	83.300781	194.042969
2168.680006	0.525867	83.300781	194.042969
2168.682010	0.796154	83.300781	194.042969
2168.684012	1.042832	83.300781	194.042969
2168.686012	1.104758	83.300781	194.042969
2168.688013	1.101676	12.118431	0.148560
2169.772049	0.307002	-100.195312	-119.335937
2169.776048	0.851183	-100.195312	-119.335937
2169.778049	1.074006	-100.195312	-119.335937
2169.780051	1.104453	-100.195312	-119.335937
2169.782050	1.101830	12.120132	0.167297
2170.754084	0.309719	86.816406	200.683594
2170.756084	0.585124	86.816406	200.683594
2170.758084	0.853479	86.816406	200.683594
2170.760084	1.074955	86.816406	200.683594
2170.764082	1.101376	86.816406	200.683594
2170.766088	1.099589	12.095478	0.143176
2171.828573	1.827063	-87.792969	-118.457031
2171.835929	0.865376	-87.792969	-118.457031
2171.837929	1.080490	-87.792969	-118.457031
2171.839930	1.104385	-87.792969	-118.457031
2171.843928	1.099922	12.099137	0.155633
2172.826436	0.385814	87.988281	190.136719
2172.828438	0.659182	87.988281	190.136719
2172.830438	0.924110	87.988281	190.136719
2172.832438	1.098814	87.988281	190.136719
2172.834438	1.103463	87.988281	190.136719
2172.836437	1.101007	12.111074	0.140571
2173.904520	0.395524	-104.687500	-115.039062
2173.906524	0.668656	-104.687500	-115.039062
2173.908525	0.933164	-104.687500	-115.039062
2173.910522	1.100282	-104.687500	-115.039062
2173.912523	1.103096	-104.687500	-115.039062
2173.914523	1.100664	12.107299	0.152016
2174.894545	1.104733	87.011719	182.421875
2174.898544	1.100094	12.101033	0.145819
2175.976542	0.317775	-99.609375	-114.257812
2175.978542	0.593024	-99.609375	-114.257812
2175.980542	0.861044	-99.609375	-114.257812
2175.982542	0.871476	-99.609375	-114.257812
2175.984541	1.104012	-99.609375	-114.257812
2175.986542	1.101309	12.114398	0.151435
2176.960608	1.105003	84.082031	185.058594
2176.962611	1.103025	12.133274	0.137969
2178.050634	0.667339	-69.238281	-116.503906
2178.052638	0.931885	-69.238281	-116.503906
2178.054646	1.100270	-69.238281	-116.503906
2178.056648	1.103206	-69.238281	-116.503906
2178.058648	1.100788	12.108673	0.153434
2179.020711	0.436202	86.816406	194.433594
2179.022713	0.708272	86.816406	194.433594
2179.024713	0.970631	86.816406	194.433594
2179.026713	1.104358	86.816406	194.433594
2179.028713	1.102851	12.131360	0.151706
2180.115321	0.533221	-72.851562	-118.945312
2180.117322	0.803414	-72.851562	-118.945312
2180.119323	1.046905	-72.851562	-118.945312
2180.121325	1.104715	-72.851562	-118.945312
2180.123325	1.101806	12.119866	0.449206
2181.089898	0.356108	87.500000	198.046875
2181.091898	0.630207	87.500000	198.046875
2181.093899	0.896442	87.500000	198.046875
2181.095900	1.091333	87.500000	198.046875
2181.097898	1.103166	87.500000	198.046875
2181.099901	1.100469	12.105165	0.141180
2182.183942	0.588228	-63.476562	-119.824219
2182.185945	0.856420	-63.476562	-119.824219
2182.187943	1.076248	-63.476562	-119.824219
2182.189944	1.103826	-63.476562	-119.824219
2182.191944	1.101059	12.111651	0.160479
2183.156494	0.233733	84.570312	194.042969
2183.160495	0.783727	84.570312	194.042969
2183.162497	1.033262	84.570312	194.042969
2183.164497	1.104383	84.570312	194.042969
2183.168496	1.099272	12.091995	0.143850
2184.250592	0.264644	-86.621094	-120.703125
2184.252594	0.541722	-86.621094	-120.703125
2184.254594	0.811916	-86.621094	-120.703125
2184.256600	1.052697	-86.621094	-120.703125
2184.258604	1.105783	-86.621094	-120.703125
2184.260608	1.102873	12.131600	0.160369
2185.226703	0.473361	85.253906	192.871094
2185.228703	0.744538	85.253906	192.871094
2185.230703	1.002915	85.253906	192.871094
2185.232703	1.105493	85.253906	192.871094
2185.234704	1.102792	12.130713	0.143832
2186.322765	0.769542	-69.531250	-119.140625
2186.324765	1.023110	-69.531250	-119.140625
2186.326766	1.105850	-69.531250	-119.140625
2186.328765	1.102780	12.130581	0.272477
2187.293293	0.357617	85.644531	188.476562
2187.297293	0.897809	85.644531	188.476562
2187.299295	1.091784	85.644531	188.476562
2187.301294	1.103309	85.644531	188.476562
2187.303296	1.100678	12.107459	0.148084
2188.389424	0.558577	-69.433594	-117.578125
2188.391426	0.828056	-69.433594	-117.578125
2188.393426	1.061771	-69.433594	-117.578125
2188.395425	1.104192	-69.433594	-117.578125
2188.397425	1.101234	12.113573	0.582470
2189.365447	0.579787	89.843750	185.449219
2189.367449	0.848295	89.843750	185.449219
2189.371449	1.075143	89.843750	185.449219
2189.373451	1.101242	89.843750	185.449219
2189.375448	1.099416	12.093573	0.147439
2190.453990	0.549135	-96.386719	-117.382812
2190.455992	0.819048	-96.386719	-117.382812
2190.457992	1.056526	-96.386719	-117.382812
2190.459992	1.104329	-96.386719	-117.382812
2190.461992	1.101300	12.114302	0.156181
2191.436016	0.339863	90.039062	181.640625
2191.438017	0.614546	90.039062	181.640625
2191.442017	1.086525	90.039062	181.640625
2191.444018	1.103689	90.039062	181.640625
2191.446018	1.101060	12.111660	0.150832
2192.516049	0.299018	-100.390625	-120.507812
2192.518051	0.574695	-100.390625	-120.507812
2192.520057	0.843486	-100.390625	-120.507812
2192.522058	1.070513	-100.390625	-120.507812
2192.524059	1.104206	-100.390625	-120.507812
2192.526059	1.101406	12.115471	0.161617
2193.510068	0.575404	88.671875	187.402344
2193.512072	0.844147	88.671875	187.402344
2193.514080	1.070771	88.671875	187.402344
2193.516081	1.104559	88.671875	187.402344
2193.518081	1.101744	12.119184	0.679500
2194.582645	0.322294	-106.445312	-126.464844
2194.584644	0.597393	-106.445312	-126.464844
2194.586646	0.865186	-106.445312	-126.464844
2194.588645	1.080078	-106.445312	-126.464844
2194.592645	1.101135	-106.445312	-126.464844
2194.594645	1.099437	12.093801	0.163803
2195.572700	0.336967	83.105469	189.550781
2195.574701	0.611585	83.105469	189.550781
2195.576702	0.878615	83.105469	189.550781
2195.578704	1.085351	83.105469	189.550781
2195.580711	1.103328	83.105469	189.550781
2195.582715	1.100697	12.107663	0.140708
2196.658726	0.347887	-88.476562	-125.878906
2196.660731	0.622239	-88.476562	-125.878906
2196.662729	0.888824	-88.476562	-125.878906
2196.664727	1.089134	-88.476562	-125.878906
2196.666729	1.103745	-88.476562	-125.878906
2196.668730	1.101126	12.112387	0.164736
2197.634784	0.408466	88.574219	190.527344
2197.636786	0.681127	88.574219	190.527344
2197.638786	0.944901	88.574219	190.527344
2197.642786	1.102593	88.574219	190.527344
2197.644788	1.100247	88.574219	190.527344
2197.646788	1.098758	12.086340	0.140216
2198.730798	0.592624	-70.800781	-120.214844
2198.732799	0.860663	-70.800781	-120.214844
2198.734801	1.078094	-70.800781	-120.214844
2198.736800	1.103854	-70.800781	-120.214844
2198.738800	1.101129	12.112422	0.153560
2199.705752	0.325677	89.550781	178.808594
2199.707753	0.600639	89.550781	178.808594
2199.709755	0.868250	89.550781	178.808594
2199.711755	1.081116	89.550781	178.808594
2199.713754	1.103377	89.550781	178.808594
2199.715754	1.100608	12.106688	0.149545
2200.789782	0.449576	-110.351562	-122.753906
2200.791784	0.721266	-110.351562	-122.753906
2200.795782	1.105730	-110.351562	-122.753906
2200.797784	1.103671	-110.351562	-122.753906
2200.799784	1.101541	12.116950	0.156066
2201.783894	0.316598	87.500000	185.742187
2201.785897	0.591790	87.500000	185.742187
2201.787898	0.859780	87.500000	185.742187
2201.789897	1.077569	87.500000	185.742187
2201.791896	1.103624	87.500000	185.742187
2201.793898	1.100850	12.109355	0.143045
2202.857957	0.478075	-69.140625	-126.757812
2202.859958	0.749231	-69.140625	-126.757812
2202.861958	1.006892	-69.140625	-126.757812
2202.863959	1.106016	-69.140625	-126.757812
2202.865958	1.103179	12.134968	0.158538
2203.844000	0.643071	88.085937	194.238281
2203.846001	0.908609	88.085937	194.238281
2203.848001	1.094545	88.085937	194.238281
2203.850001	1.102764	88.085937	194.238281
2203.852001	1.100210	12.102309	0.143746
2204.934929	0.378155	-76.269531	-124.023437
2204.936929	0.651755	-76.269531	-124.023437
2204.938930	0.917041	-76.269531	-124.023437
2204.942927	1.103218	-76.269531	-124.023437
2204.944931	1.100569	-76.269531	-124.023437
2204.946928	1.099047	12.089513	0.164651
2205.908964	2.268860	92.675781	185.156250
2205.910964	0.680073	92.675781	185.156250
2205.912972	0.943931	92.675781	185.156250
2205.914976	1.101461	92.675781	185.156250
2205.916975	1.102264	12.124901	0.149581
2206.999025	0.337773	-99.609375	-121.191406
2207.001027	0.612424	-99.609375	-121.191406
2207.003027	0.879552	-99.609375	-121.191406
2207.005026	1.085844	-99.609375	-121.191406
2207.007026	1.103666	-99.609375	-121.191406
2207.009027	1.101037	12.111403	0.161065
2207.983090	0.302100	91.308594	180.957031
2207.985090	0.577665	91.308594	180.957031
2207.987090	0.846240	91.308594	180.957031
2207.989091	1.071175	91.308594	180.957031
2207.991092	1.103676	91.308594	180.957031
2207.993092	1.100859	12.109453	0.151541
2209.061139	0.342979	-100.000000	-127.343750
2209.063141	0.617558	-100.000000	-127.343750
2209.067142	1.087576	-100.000000	-127.343750
2209.069141	1.103625	-100.000000	-127.343750
2209.071142	1.101016	12.111173	0.157551
2210.053197	0.277291	86.621094	186.718750
2210.057198	0.823515	86.621094	186.718750
2210.059199	1.059042	86.621094	186.718750
2210.061198	1.104065	86.621094	186.718750
2210.063200	1.101079	12.111864	0.153498
2211.133218	0.273762	-83.984375	-129.492187
2211.135218	0.550215	-83.984375	-129.492187
2211.137218	0.820060	-83.984375	-129.492187
2211.139218	1.057160	-83.984375	-129.492187
2211.141219	1.104485	-83.984375	-129.492187
2211.143219	1.101528	12.116809	0.165441
2212.113258	0.319915	86.718750	188.476562
2212.115258	0.595013	86.718750	188.476562
2212.117259	0.862870	86.718750	188.476562
2212.119260	1.079005	86.718750	188.476562
2212.121259	1.103715	86.718750	188.476562
2212.123260	1.101031	12.111341	0.144718
2213.209328	0.549183	-64.355469	-125.488281
2213.211328	0.819079	-64.355469	-125.488281
2213.213328	1.056590	-64.355469	-125.488281
2213.215328	1.104337	-64.355469	-125.488281
2213.219326	1.099503	12.094538	0.544596
2214.183322	0.503671	90.039062	179.199219
2214.185324	0.774268	90.039062	179.199219
2214.187323	1.026548	90.039062	179.199219
2214.189323	1.105019	90.039062	179.199219
2214.195321	1.099889	12.098783	0.294207
2215.275382	0.706289	-86.914062	-123.339844
2215.277383	0.968782	-86.914062	-123.339844
2215.279383	1.104533	-86.914062	-123.339844
2215.281384	1.104763	12.152390	0.156167
2216.253952	0.305299	91.796875	176.660156
2216.257951	0.849230	91.796875	176.660156
2216.259954	1.072669	91.796875	176.660156
2216.261955	1.103765	91.796875	176.660156
2216.263956	1.100919	12.110109	0.151431
2217.336023	0.441640	-110.742187	-127.343750
2217.338026	0.713524	-110.742187	-127.343750
2217.340026	0.975517	-110.742187	-127.343750
2217.342025	1.105058	-110.742187	-127.343750
2217.344026	1.103421	12.137634	0.163871
2218.328079	0.307085	90.722656	181.738281
2218.330079	0.582402	90.722656	181.738281
2218.332080	0.850834	90.722656	181.738281
2218.334079	1.073227	90.722656	181.738281
2218.336078	1.103342	90.722656	181.738281
2218.338081	1.100462	12.105084	0.152953
2219.402163	0.364805	-105.273437	-130.859375
2219.404164	0.638759	-105.273437	-130.859375
2219.406166	0.904561	-105.273437	-130.859375
2219.408165	1.093873	-105.273437	-130.859375
2219.410164	1.103354	-105.273437	-130.859375
2219.412166	1.100767	12.108442	0.155303
2220.394211	0.226119	88.769531	185.058594
2220.396212	0.506255	88.769531	185.058594
2220.398212	0.776862	88.769531	185.058594
2220.400215	1.028619	88.769531	185.058594
2220.402213	1.105739	88.769531	185.058594
2220.404214	1.102787	12.130651	0.141944
2221.476274	0.680502	-83.398437	-132.128906
2221.478279	0.944511	-83.398437	-132.128906
2221.480281	1.102486	-83.398437	-132.128906
2221.482282	1.103380	-83.398437	-132.128906
2221.484282	1.100963	12.110588	0.164269
2222.460824	0.252218	87.500000	186.328125
2222.462826	0.530282	87.500000	186.328125
2222.464826	0.800469	87.500000	186.328125
2222.466828	1.044865	87.500000	186.328125
2222.468826	1.104547	87.500000	186.328125
2222.470826	1.101437	12.115807	0.148267
2223.542894	0.356021	-74.804687	-132.421875
2223.544895	0.630133	-74.804687	-132.421875
2223.546895	0.896376	-74.804687	-132.421875
2223.548895	1.090994	-74.804687	-132.421875
2223.550894	1.102795	-74.804687	-132.421875
2223.552895	1.100181	12.101991	0.168996
2224.528940	0.522236	85.351562	184.570312
2224.530942	0.792537	85.351562	184.570312
2224.534939	1.105765	85.351562	184.570312
2224.536941	1.102695	85.351562	184.570312
2224.538942	1.100722	12.107938	0.384018
2225.620999	1.104648	-73.437500	-133.398437
2225.623000	1.101983	-73.437500	-133.398437
2225.625001	1.099771	12.097480	0.164796
2226.597549	0.679908	85.351562	183.300781
2226.599558	0.943742	85.351562	183.300781
2226.601561	1.102230	85.351562	183.300781
2226.603560	1.103213	85.351562	183.300781
2226.605562	1.100769	12.108460	0.144172
2227.681617	0.458068	-75.585937	-133.300781
2227.683619	0.729548	-75.585937	-133.300781
2227.685619	0.990028	-75.585937	-133.300781
2227.687621	1.105479	-75.585937	-133.300781
2227.689620	1.103121	12.134330	0.170797
2228.663625	0.279705	86.230469	184.375000
2228.665627	0.555907	86.230469	184.375000
2228.669627	1.060300	86.230469	184.375000
2228.671629	1.104366	86.230469	184.375000
2228.673626	1.101443	12.115870	0.154581
2229.751687	0.776475	-75.683594	-134.277344
2229.753690	1.028304	-75.683594	-134.277344
2229.755689	1.105426	-75.683594	-134.277344
2229.757688	1.102422	12.126637	0.300682
2230.736245	0.602687	88.964844	185.546875
2230.738247	0.612844	88.964844	185.546875
2230.740247	1.081681	88.964844	185.546875
2230.744245	1.100259	88.964844	185.546875
2230.746246	1.098771	12.086482	0.145983
2231.814852	0.473312	-92.089844	-134.863281
2231.816855	0.744488	-92.089844	-134.863281
2231.818855	1.002957	-92.089844	-134.863281
2231.820855	1.105755	-92.089844	-134.863281
2231.822854	1.103068	12.133753	0.167902
2232.808908	0.719560	86.523437	178.125000
2232.810910	0.980927	86.523437	178.125000
2232.812911	1.104630	86.523437	178.125000
2232.814911	1.102501	12.127506	0.140400
2233.880975	0.325803	-74.023437	-133.007812
2233.882975	0.600740	-74.023437	-133.007812
2233.884976	0.868340	-74.023437	-133.007812
2233.886976	1.081183	-74.023437	-133.007812
2233.888976	1.103404	-74.023437	-133.007812
2233.890976	1.103287	12.136155	0.161266
2234.875962	0.596504	91.210937	177.050781
2234.877964	0.864295	91.210937	177.050781
2234.879965	1.079640	91.210937	177.050781
2234.881963	1.103717	91.210937	177.050781
2234.883963	1.100964	12.110605	0.146779
2235.952020	0.468434	-86.035156	-130.566406
2235.954024	0.739729	-86.035156	-130.566406
2235.956025	0.999257	-86.035156	-130.566406
2235.958025	1.009176	-86.035156	-130.566406
2235.960023	1.102928	12.132211	0.167230
2236.940603	0.559202	93.164062	172.558594
2236.942605	0.828620	93.164062	172.558594
2236.944605	1.061798	93.164062	172.558594
2236.946604	1.103666	93.164062	172.558594
2236.948605	1.100698	12.107680	0.590369
2238.025167	0.476782	-76.367187	-128.808594
2238.027170	0.747940	-76.367187	-128.808594
2238.029169	1.005907	-76.367187	-128.808594
2238.033170	1.102671	-76.367187	-128.808594
2238.035169	1.100502	12.105518	0.164004
2239.003761	0.496750	91.503906	174.316406
2239.005762	0.767410	91.503906	174.316406
2239.007762	1.021259	91.503906	174.316406
2239.009763	1.105489	91.503906	174.316406
2239.011763	1.102517	12.127691	0.247441
2240.099808	0.687901	-58.789062	-132.421875
2240.101813	0.951389	-58.789062	-132.421875
2240.103811	1.103313	-58.789062	-132.421875
2240.105809	1.103527	12.138797	0.153105
2241.071834	0.548161	89.941406	183.593750
2241.073836	0.818052	89.941406	183.593750
2241.075835	1.055815	89.941406	183.593750
2241.077835	1.059260	89.941406	183.593750
2241.079836	1.101075	12.111828	0.145358
2242.159884	0.377339	-54.882812	-136.328125
2242.161887	0.650881	-54.882812	-136.328125
2242.163888	0.916180	-54.882812	-136.328125
2242.165886	1.096811	-54.882812	-136.328125
2242.167886	1.103212	-54.882812	-136.328125
2242.169886	1.100619	12.106812	0.164662
2243.145890	0.573485	89.257812	183.105469
2243.147894	0.842179	89.257812	183.105469
2243.149892	1.068852	89.257812	183.105469
2243.151891	1.103365	89.257812	183.105469
2243.153893	1.100432	12.104756	0.147898
2244.222445	0.338302	-95.996094	-137.597656
2244.224447	0.612921	-95.996094	-137.597656
2244.226446	0.879995	-95.996094	-137.597656
2244.228448	1.086266	-95.996094	-137.597656
2244.230447	1.103963	-95.996094	-137.597656
2244.232446	1.101433	12.115764	0.173889
2245.216526	0.376095	92.089844	176.269531
2245.218527	0.649553	92.089844	176.269531
2245.220528	0.914840	92.089844	176.269531
2245.222528	1.096312	92.089844	176.269531
2245.224528	1.102883	92.089844	176.269531
2245.226527	1.100303	12.103337	0.154089
2246.291077	1.435838	-87.597656	-132.812500
2246.295077	0.832307	-87.597656	-132.812500
2246.297079	1.063800	-87.597656	-132.812500
2246.299079	1.066776	-87.597656	-132.812500
2246.301079	1.100677	12.107442	0.163208
2247.283161	0.754305	89.648437	166.113281
2247.285162	1.011017	89.648437	166.113281
2247.287162	1.105780	89.648437	166.113281
2247.289163	1.102894	12.131839	0.171860
2248.369186	0.380340	-89.453125	-133.105469
2248.371190	0.653882	-89.453125	-133.105469
2248.373189	0.919028	-89.453125	-133.105469
2248.375188	1.097708	-89.453125	-133.105469
2248.377188	1.103392	-89.453125	-133.105469
2248.379187	1.100913	12.110047	0.162736
2249.343264	0.414983	90.332031	175.000000
2249.345266	0.687326	90.332031	175.000000
2249.347267	0.950850	90.332031	175.000000
2249.349274	1.102745	90.332031	175.000000
2249.351278	1.103009	12.133098	0.147633
2250.437321	0.368862	-69.824219	-137.695312
2250.439324	0.642606	-69.824219	-137.695312
2250.441329	0.908406	-69.824219	-137.695312
2250.443325	0.923444	-69.824219	-137.695312
2250.445326	1.102746	-69.824219	-137.695312
2250.447325	1.100245	12.102691	0.164378
2251.415381	0.633302	89.355469	182.519531
2251.417382	0.899264	89.355469	182.519531
2251.419383	1.091914	89.355469	182.519531
2251.421383	1.102762	89.355469	182.519531
2251.423383	1.100179	12.101965	0.145043
2252.498329	0.252818	-78.222656	-140.429687
2252.500331	0.530846	-78.222656	-140.429687
2252.502331	0.800998	-78.222656	-140.429687
2252.504331	1.045161	-78.222656	-140.429687
2252.506332	1.104246	-78.222656	-140.429687
2252.508331	1.101170	12.112865	0.168896
2253.488396	0.413057	87.792969	176.269531
2253.490396	0.685630	87.792969	176.269531
2253.492397	0.949139	87.792969	176.269531
2253.494398	1.102146	87.792969	176.269531
2253.496397	1.102467	12.127133	0.151258
2254.564452	0.424711	-102.636719	-139.062500
2254.566454	0.697050	-102.636719	-139.062500
2254.568453	0.960081	-102.636719	-139.062500
2254.570455	0.967113	-102.636719	-139.062500
2254.572453	1.103809	12.141897	0.160644
2255.556486	0.287568	92.285156	171.582031
2255.558487	0.563468	92.285156	171.582031
2255.560489	0.832577	92.285156	171.582031
2255.562489	1.063956	92.285156	171.582031
2255.564488	1.103582	92.285156	171.582031
2255.566487	1.100654	12.107193	0.159007
2256.636585	0.328679	-97.167969	-134.667969
2256.638589	0.603526	-97.167969	-134.667969
2256.640588	0.871033	-97.167969	-134.667969
2256.642588	1.082569	-97.167969	-134.667969
2256.644588	1.103870	-97.167969	-134.667969
2256.646588	1.101157	12.112724	0.161752
2257.622657	0.499275	93.359375	167.480469
2257.624658	0.769904	93.359375	167.480469
2257.626658	1.023273	93.359375	167.480469
2257.628660	1.105720	93.359375	167.480469
2257.630659	1.102710	12.129810	0.268378
2258.711229	0.749670	-80.175781	-134.082031
2258.713232	1.007123	-80.175781	-134.082031
2258.715231	1.105601	-80.175781	-134.082031
2258.717232	1.102757	12.130324	0.157336
2259.687259	0.633418	89.648437	166.894531
2259.689261	0.899347	89.648437	166.894531
2259.691261	1.092036	89.648437	166.894531
2259.693259	1.103047	89.648437	166.894531
2259.695260	1.100448	12.104934	0.152904
2260.777279	0.349823	-57.421875	-135.839844
2260.779283	0.624042	-57.421875	-135.839844
2260.781282	0.890549	-57.421875	-135.839844
2260.783282	1.089475	-57.421875	-135.839844
2260.785281	1.103384	-57.421875	-135.839844
2260.787282	1.100727	12.107999	0.167257
2261.752222	0.216759	90.820312	174.316406
2261.754224	0.497480	90.820312	174.316406
2261.758222	1.021618	90.820312	174.316406
2261.760224	1.104689	90.820312	174.316406
2261.762224	1.101601	12.117615	0.151053
2262.846802	0.316873	-49.902344	-137.988281
2262.848805	0.591967	-49.902344	-137.988281
2262.850802	0.859878	-49.902344	-137.988281
2262.852805	1.077712	-49.902344	-137.988281
2262.854804	1.103618	-49.902344	-137.988281
2262.856803	1.100789	12.108683	0.160077
2263.820842	0.346924	88.769531	176.269531
2263.822842	0.621165	88.769531	176.269531
2263.824841	0.887709	88.769531	176.269531
2263.826844	1.088435	88.769531	176.269531
2263.828843	1.103106	88.769531	176.269531
2263.830842	1.100523	12.105749	0.152982
2264.914924	0.444640	-60.644531	-140.429687
2264.916926	0.716322	-60.644531	-140.429687
2264.918927	0.978095	-60.644531	-140.429687
2264.920926	1.104993	-60.644531	-140.429687
2264.922926	1.103189	12.135074	0.168072
2265.891471	0.289577	86.425781	174.511719
2265.895471	0.834556	86.425781	174.511719
2265.897474	1.065130	86.425781	174.511719
2265.899473	1.103903	86.425781	174.511719
2265.901474	1.100976	12.110739	0.146275
2266.983563	0.708563	-81.250000	-142.871094
2266.985564	0.970976	-81.250000	-142.871094
2266.987566	1.104882	-81.250000	-142.871094
2266.989566	1.103432	12.137750	0.167636
2267.959615	0.385466	86.328125	175.000000
2267.961621	0.658754	86.328125	175.000000
2267.963625	0.924575	86.328125	175.000000
2267.965624	1.098139	86.328125	175.000000
2267.967624	1.102379	86.328125	175.000000
2267.971622	1.098392	12.082316	0.156318
2269.049655	0.490452	-59.472656	-142.382812
2269.051657	0.761309	-59.472656	-142.382812
2269.053658	1.016705	-59.472656	-142.382812
2269.055657	1.105951	-59.472656	-142.382812
2269.057658	1.102958	12.132539	0.178453
2270.030200	0.498943	88.281250	176.562500
2270.032203	0.769535	88.281250	176.562500
2270.034203	1.022820	88.281250	176.562500
2270.038199	1.101580	88.281250	176.562500
2270.040202	1.099528	12.094804	0.147425
2271.118786	0.438497	-65.429687	-143.261719
2271.120786	0.710373	-65.429687	-143.261719
2271.122786	0.972544	-65.429687	-143.261719
2271.124786	1.104229	-65.429687	-143.261719
2271.126786	1.102525	12.127771	0.169769
2272.098821	0.691158	86.523437	173.535156
2272.100823	0.954445	86.523437	173.535156
2272.102822	1.103164	86.523437	173.535156
2272.104823	1.102973	12.132699	0.152954
2273.186866	0.384477	-56.835937	-142.675781
2273.190867	0.922708	-56.835937	-142.675781
2273.192869	1.098270	-56.835937	-142.675781
2273.194873	1.103156	-56.835937	-142.675781
2273.196873	1.100631	12.106936	0.166720
2274.163426	0.372361	87.500000	172.070312
2274.165429	0.645906	87.500000	172.070312
2274.167429	0.911312	87.500000	172.070312
2274.171427	1.096327	87.500000	172.070312
2274.173429	1.100320	87.500000	172.070312
2274.175429	1.098795	12.086748	0.151873
2275.255511	0.299266	-64.160156	-142.285156
2275.257512	0.574914	-64.160156	-142.285156
2275.259513	0.843594	-64.160156	-142.285156
2275.261513	1.069920	-64.160156	-142.285156
2275.263511	1.103887	-64.160156	-142.285156
2275.265512	1.101013	12.111146	0.170695
2276.231520	0.426023	87.988281	168.066406
2276.233522	0.698221	87.988281	168.066406
2276.235522	0.961152	87.988281	168.066406
2276.237525	1.104427	87.988281	168.066406
2276.239529	1.103695	12.140648	0.144381
2277.325568	0.375951	-64.160156	-140.429687
2277.327571	0.386399	-64.160156	-140.429687
2277.329571	0.914720	-64.160156	-140.429687
2277.331569	1.096600	-64.160156	-140.429687
2277.333571	1.103353	-64.160156	-140.429687
2277.335571	1.100838	12.109214	0.175782
2278.302095	0.743682	92.187500	165.820312
2278.304096	1.002101	92.187500	165.820312
2278.306098	1.105621	92.187500	165.820312
2278.308098	1.102886	12.131742	0.155910
2279.390655	0.259130	-86.425781	-139.355469
2279.392655	0.536611	-86.425781	-139.355469
2279.394655	0.806719	-86.425781	-139.355469
2279.396653	1.048902	-86.425781	-139.355469
2279.398654	1.104411	-86.425781	-139.355469
2279.400655	1.101352	12.114868	0.165481
2280.370676	0.376124	92.480469	161.328125
2280.372677	0.649623	92.480469	161.328125
2280.374677	0.914789	92.480469	161.328125
2280.376677	1.096774	92.480469	161.328125
2280.378677	1.103674	92.480469	161.328125
2280.380677	1.101169	12.112856	0.154563
2281.454774	0.295526	-90.625000	-140.527344
2281.456776	0.571271	-90.625000	-140.527344
2281.458777	0.840136	-90.625000	-140.527344
2281.460781	1.068118	-90.625000	-140.527344
2281.462783	1.103903	-90.625000	-140.527344
2281.464784	1.101064	12.111704	0.168492
2282.442862	0.321288	92.382812	163.574219
2282.444864	0.596221	92.382812	163.574219
2282.446863	0.863903	92.382812	163.574219
2282.448863	1.079130	92.382812	163.574219
2282.452865	1.100610	92.382812	163.574219
2282.454865	1.098979	12.088769	0.161923
2283.520908	0.572021	-71.875000	-144.042969
2283.522908	0.840853	-71.875000	-144.042969
2283.524908	1.068556	-71.875000	-144.042969
2283.526908	1.103972	-71.875000	-144.042969
2283.528908	1.101096	12.112059	0.164151
2284.511822	0.204337	90.234375	168.652344
2284.513823	0.486019	90.234375	168.652344
2284.515824	0.756941	90.234375	168.652344
2284.517826	1.013146	90.234375	168.652344
2284.519824	1.106041	90.234375	168.652344
2284.521825	1.103158	12.134737	0.159216
2285.589837	0.278895	-64.648437	-146.972656
2285.591837	0.555186	-64.648437	-146.972656
2285.593837	0.824783	-64.648437	-146.972656
2285.595838	1.059808	-64.648437	-146.972656
2285.597837	1.104280	-64.648437	-146.972656
2285.599837	1.101357	12.114929	0.163059
2286.581835	0.803266	89.843750	173.925781
2286.583837	1.046434	89.843750	173.925781
2286.585838	1.104008	89.843750	173.925781
2286.589835	1.099143	12.090569	0.154411
2287.662408	0.350089	-63.476562	-147.167969
2287.664410	0.624274	-63.476562	-147.167969
2287.666411	0.890693	-63.476562	-147.167969
2287.668412	1.090752	-63.476562	-147.167969
2287.670409	1.105064	-63.476562	-147.167969
2287.672412	1.102749	12.130235	0.172802
2288.644432	0.769601	91.210937	172.851562
2288.648432	1.104018	91.210937	172.851562
2288.650434	1.100811	91.210937	172.851562
2288.652434	1.098896	12.087855	0.151026
2289.736990	0.658526	-73.632812	-145.117187
2289.738992	0.923413	-73.632812	-145.117187
2289.740992	1.098307	-73.632812	-145.117187
2289.742992	1.102838	-73.632812	-145.117187
2289.744991	1.100296	12.103259	0.166990
2290.709033	0.272483	91.308594	162.988281
2290.711034	0.548828	91.308594	162.988281
2290.713033	0.818555	91.308594	162.988281
2290.715034	1.056011	91.308594	162.988281
2290.717033	1.104009	91.308594	162.988281
2290.719034	1.100988	12.110871	0.153620
2291.801161	0.455315	-72.558594	-141.992187
2291.803164	0.726836	-72.558594	-141.992187
2291.805163	0.987457	-72.558594	-141.992187
2291.807165	1.104763	-72.558594	-141.992187
2291.809166	1.102459	12.127045	0.167845
2292.781285	0.371480	97.363281	162.597656
2292.783286	0.645053	97.363281	162.597656
2292.785285	0.910455	97.363281	162.597656
2292.787286	1.095414	97.363281	162.597656
2292.789286	1.103229	97.363281	162.597656
2292.791288	1.100637	12.107006	0.158816
2293.865350	0.464739	-95.507812	-144.238281
2293.867352	0.473919	-95.507812	-144.238281
2293.869351	0.995546	-95.507812	-144.238281
2293.871352	1.105023	-95.507812	-144.238281
2293.875351	1.100253	12.102780	0.166753
2294.855357	0.436461	94.042969	164.160156
2294.857357	0.708281	94.042969	164.160156
2294.859357	0.970574	94.042969	164.160156
2294.861357	1.103829	94.042969	164.160156
2294.863357	1.102318	12.125493	0.156074
2295.929386	0.381870	-81.445312	-148.339844
2295.931385	0.655217	-81.445312	-148.339844
2295.933386	0.920152	-81.445312	-148.339844
2295.935385	1.097943	-81.445312	-148.339844
2295.937386	1.103480	-81.445312	-148.339844
2295.939387	1.100971	12.110676	0.167738
2296.923446	0.452760	91.894531	168.457031
2296.925443	0.724250	91.894531	168.457031
2296.927444	0.985132	91.894531	168.457031
2296.929445	1.104807	91.894531	168.457031
2296.931442	1.102572	12.128294	0.155241
2298.001480	0.700111	-83.593750	-151.367187
2298.003483	0.962958	-83.593750	-151.367187
2298.005486	1.103769	-83.593750	-151.367187
2298.009482	1.100561	12.106174	0.167732
2298.987517	0.303613	90.917969	171.777344
2298.989518	0.578912	90.917969	171.777344
2298.993516	1.071297	90.917969	171.777344
2298.995519	1.103176	90.917969	171.777344
2298.997517	1.100348	12.103826	0.155070
2300.074073	0.528572	-57.226562	-150.097656
2300.076075	0.798688	-57.226562	-150.097656
2300.078075	1.043523	-57.226562	-150.097656
2300.080075	1.104089	-57.226562	-150.097656
2300.082076	1.100998	12.110977	0.171305
2301.052599	0.400948	90.625000	170.996094
2301.056609	0.937724	90.625000	170.996094
2301.058604	1.101495	90.625000	170.996094
2301.060605	1.103501	90.625000	170.996094
2301.062604	1.101037	12.111403	0.150750
2302.143106	0.322819	-56.933594	-149.609375
2302.145107	0.597750	-56.933594	-149.609375
2302.147108	0.865414	-56.933594	-149.609375
2302.149107	1.080018	-56.933594	-149.609375
2302.151107	1.103619	-56.933594	-149.609375
2302.153108	1.100777	12.108549	0.175027
2303.121133	0.618591	93.359375	169.628906
2303.123137	0.885224	93.359375	169.628906
2303.125135	1.087809	93.359375	169.628906
2303.127135	1.103531	93.359375	169.628906
2303.129135	1.100903	12.109932	0.144717
2304.214118	0.495213	-73.925781	-148.535156
2304.216119	0.765948	-73.925781	-148.535156
2304.218119	1.020182	-73.925781	-148.535156
2304.220118	1.105342	-73.925781	-148.535156
2304.222118	1.102424	12.126664	0.258182
2305.186182	0.211992	91.113281	162.109375
2305.188186	0.493063	91.113281	162.109375
2305.190185	0.763789	91.113281	162.109375
2305.192186	1.018355	91.113281	162.109375
2305.194184	1.105104	91.113281	162.109375
2305.196185	1.102165	12.123818	0.154401
2306.280214	0.343749	-70.898437	-146.777344
2306.282217	0.618120	-70.898437	-146.777344
2306.284217	0.884817	-70.898437	-146.777344
2306.286216	1.087481	-70.898437	-146.777344
2306.288217	1.103213	-70.898437	-146.777344
2306.290217	1.100614	12.106759	0.172573
2307.258314	0.457846	95.312500	162.988281
2307.260315	0.880442	95.312500	162.988281
2307.262317	1.085860	95.312500	162.988281
2307.266315	1.100326	95.312500	162.988281
2307.268316	1.098805	12.086855	0.149313
2308.348879	0.438450	-75.390625	-146.093750
2308.350881	0.710297	-75.390625	-146.093750
2308.352881	0.972499	-75.390625	-146.093750
2308.354881	1.104825	-75.390625	-146.093750
2308.356880	1.103381	12.137193	0.165989
2309.324909	0.495883	94.335937	159.667969
2309.326913	0.766580	94.335937	159.667969
2309.328912	1.020640	94.335937	159.667969
2309.330913	1.105415	94.335937	159.667969
2309.332913	1.102420	12.126619	0.252005
2310.416943	0.418711	-79.003906	-146.191406
2310.418945	0.691000	-79.003906	-146.191406
2310.420945	0.954373	-79.003906	-146.191406
2310.422945	1.102944	-79.003906	-146.191406
2310.424943	1.102741	12.130155	0.171164
2311.395014	0.437385	97.070312	160.937500
2311.397015	0.709433	97.070312	160.937500
2311.399017	0.971562	97.070312	160.937500
2311.401016	1.104510	97.070312	160.937500
2311.403015	1.103011	12.133116	0.149604
2312.483996	0.291374	-62.988281	-146.191406
2312.485996	0.567230	-62.988281	-146.191406
2312.487997	0.836283	-62.988281	-146.191406
2312.489997	1.066132	-62.988281	-146.191406
2312.491997	1.103914	-62.988281	-146.191406
2312.497995	1.098135	12.079491	0.177231
2313.460004	0.345981	97.265625	160.742187
2313.462007	0.620208	97.265625	160.742187
2313.464006	0.886753	97.265625	160.742187
2313.466009	1.087807	97.265625	160.742187
2313.468009	1.102691	97.265625	160.742187
2313.470010	1.100021	12.100236	0.156583
2314.552570	0.339139	-78.320312	-147.070312
2314.554572	0.613568	-78.320312	-147.070312
2314.558571	1.086041	-78.320312	-147.070312
2314.560572	1.103606	-78.320312	-147.070312
2314.562572	1.100911	12.110020	0.175286
2315.532666	0.672886	96.191406	160.546875
2315.534668	0.936998	96.191406	160.546875
2315.536667	1.100722	96.191406	160.546875
2315.538669	1.102813	96.191406	160.546875
2315.540674	1.100306	12.103365	0.146233
2316.623234	0.500400	-72.656250	-147.753906
2316.625236	0.770985	-72.656250	-147.753906
2316.633234	1.099534	-72.656250	-147.753906
2316.635236	1.098282	-72.656250	-147.753906
2316.637236	1.097443	12.071877	0.293941
2317.597295	0.321036	94.531250	161.035156
2317.599300	0.595882	94.531250	161.035156
2317.601301	0.617855	94.531250	161.035156
2317.603304	1.079413	94.531250	161.035156
2317.605304	1.103071	94.531250	161.035156
2317.607304	1.100285	12.103134	0.153147
2318.695351	1.012267	-55.468750	-149.707031
2318.697354	1.016713	-55.468750	-149.707031
2318.699354	1.102091	12.123003	0.200841
2319.667920	0.439984	91.601562	161.621094
2319.669919	0.711729	91.601562	161.621094
2319.671920	0.973735	91.601562	161.621094
2319.673919	1.104248	91.601562	161.621094
2319.675921	1.102525	12.127771	0.145647
2320.759956	0.571893	-67.968750	-152.636719
2320.761959	0.840682	-67.968750	-152.636719
2320.765956	1.104129	-67.968750	-152.636719
2320.767959	1.101390	-67.968750	-152.636719
2320.769958	1.099520	12.094724	0.668092
2321.735944	0.658170	94.433594	168.261719
2321.737946	0.667142	94.433594	168.261719
2321.739945	1.097876	94.433594	168.261719
2321.741945	1.102503	94.433594	168.261719
2321.743945	1.100002	12.100024	0.146673
2322.823974	0.310774	-61.132812	-154.296875
2322.825973	0.322465	-61.132812	-154.296875
2322.827977	0.854217	-61.132812	-154.296875
2322.829975	1.074858	-61.132812	-154.296875
2322.831974	1.103419	-61.132812	-154.296875
2322.833975	1.100682	12.107504	0.178205
2323.806009	0.454733	93.554687	169.042969
2323.808012	0.726155	93.554687	169.042969
2323.812009	1.104769	93.554687	169.042969
2323.814010	1.102553	93.554687	169.042969
2323.816010	1.100303	12.103337	0.144643
2324.892025	0.604285	-66.796875	-156.054687
2324.894027	0.871705	-66.796875	-156.054687
2324.896029	1.082443	-66.796875	-156.054687
2324.898028	1.103256	-66.796875	-156.054687
2324.900028	1.100642	12.107060	0.176594
2325.880038	0.721347	92.871094	166.503906
2325.882041	0.982502	92.871094	166.503906
2325.884040	1.104947	92.871094	166.503906
2325.886040	1.102934	12.132274	0.148919
2326.958623	0.522359	-58.398437	-156.347656
2326.960622	0.959054	-58.398437	-156.347656
2326.964621	1.103561	-58.398437	-156.347656
2326.966624	1.101226	12.113485	0.167369
2327.950655	0.767576	96.093750	165.039062
2327.952656	1.021368	96.093750	165.039062
2327.954657	1.105382	96.093750	165.039062
2327.956660	1.102376	12.126132	0.259050
2329.024681	0.678430	-90.820312	-155.078125
2329.026697	0.942379	-90.820312	-155.078125
2329.030696	1.102700	-90.820312	-155.078125
2329.032698	1.100299	-90.820312	-155.078125
2329.034698	1.098847	12.087315	0.167220
2330.018708	0.674529	97.460937	159.375000
2330.020714	0.938641	97.460937	159.375000
2330.022712	1.102166	97.460937	159.375000
2330.024710	1.104147	97.460937	159.375000
2330.026710	1.101859	12.120451	0.153196
2331.093242	0.228001	-76.171875	-151.171875
2331.095245	0.507832	-76.171875	-151.171875
2331.097244	0.778292	-76.171875	-151.171875
2331.099244	1.029349	-76.171875	-151.171875
2331.101244	1.104633	-76.171875	-151.171875
2331.103244	1.101609	12.117704	0.170385
2332.081297	0.466198	96.582031	153.906250
2332.083299	0.737407	96.582031	153.906250
2332.085299	0.996656	96.582031	153.906250
2332.087299	1.105527	96.582031	153.906250
2332.089300	1.102977	12.132744	0.155036
2333.167322	0.441516	-74.023437	-150.976562
2333.169324	0.713311	-74.023437	-150.976562
2333.171325	0.975243	-74.023437	-150.976562
2333.173324	1.104148	-74.023437	-150.976562
2333.175324	1.102242	12.124660	0.170021
2334.149375	0.989625	98.242187	157.812500
2334.151378	1.104039	98.242187	157.812500
2334.153377	1.101563	12.117190	0.159842
2335.237419	0.272356	-70.117187	-153.906250
2335.239421	0.548719	-70.117187	-153.906250
2335.241420	0.818514	-70.117187	-153.906250
2335.243421	1.056089	-70.117187	-153.906250
2335.245421	1.104043	-70.117187	-153.906250
2335.247422	1.100961	12.110569	0.170554
2336.211458	0.411048	93.652344	161.035156
2336.213460	0.683517	93.652344	161.035156
2336.215460	0.947109	93.652344	161.035156
2336.217461	1.101486	93.652344	161.035156
2336.219458	1.101949	12.121435	0.153806
2337.303980	0.254511	-56.054687	-157.812500
2337.305984	0.532256	-56.054687	-157.812500
2337.307983	0.802307	-56.054687	-157.812500
2337.309984	1.045963	-56.054687	-157.812500
2337.311984	1.104246	-56.054687	-157.812500
2337.313983	1.101145	12.112590	0.178027
2338.282014	0.415298	90.429687	162.500000
2338.284016	0.687550	90.429687	162.500000
2338.286016	0.951022	90.429687	162.500000
2338.288017	1.101891	90.429687	162.500000
2338.292014	1.099413	12.093545	0.157984
2339.372123	0.769269	-54.882812	-159.765625
2339.374125	1.022758	-54.882812	-159.765625
2339.376125	1.105456	-54.882812	-159.765625
2339.378123	1.102492	12.127408	0.288223
2340.354707	0.396073	92.187500	163.769531
2340.356708	0.668990	92.187500	163.769531
2340.358708	0.933185	92.187500	163.769531
2340.360709	1.100549	92.187500	163.769531
2340.362707	1.103334	92.187500	163.769531
2340.364710	1.100804	12.108841	0.153085
2341.435310	0.434845	-73.828125	-160.253906
2341.437314	0.706841	-73.828125	-160.253906
2341.439313	0.969183	-73.828125	-160.253906
2341.441313	1.103632	-73.828125	-160.253906
2341.443314	1.102127	12.123394	0.174584
2342.429341	0.811324	90.917969	158.398437
2342.431343	1.051585	90.917969	158.398437
2342.433343	1.103903	90.917969	158.398437
2342.435342	1.100897	12.109869	0.499550
2343.501399	0.387406	-80.664062	-159.863281
2343.503400	0.660569	-80.664062	-159.863281
2343.505400	0.925288	-80.664062	-159.863281
2343.507403	1.098294	-80.664062	-159.863281
2343.509405	1.102585	-80.664062	-159.863281
2343.511411	1.099953	12.099483	0.171715
2344.495509	0.465472	94.824219	158.105469
2344.497508	0.736662	94.824219	158.105469
2344.499508	0.995952	94.824219	158.105469
2344.501508	1.104988	94.824219	158.105469
2344.503510	1.102398	12.126380	0.156059
2345.569564	0.450494	-83.691406	-157.519531
2345.573565	0.983232	-83.691406	-157.519531
2345.577566	1.102402	-83.691406	-157.519531
2345.579566	1.100075	12.100830	0.171778
2346.561623	0.352770	98.046875	156.738281
2346.563625	0.363802	98.046875	156.738281
2346.565625	0.892981	98.046875	156.738281
2346.567625	1.089883	98.046875	156.738281
2346.569625	1.102612	98.046875	156.738281
2346.571625	1.099992	12.099909	0.157564
2347.640595	0.449858	-86.230469	-156.054687
2347.642596	0.721450	-86.230469	-156.054687
2347.644596	0.982646	-86.230469	-156.054687
2347.646596	1.104962	-86.230469	-156.054687
2347.648598	1.102856	12.131413	0.168430
2348.628685	0.440268	98.046875	153.417969
2348.630688	0.711999	98.046875	153.417969
2348.632689	0.973975	98.046875	153.417969
2348.634688	1.105050	98.046875	153.417969
2348.636686	1.103320	12.136518	0.164009
2349.709265	0.261701	-81.542969	-155.078125
2349.711266	0.539142	-81.542969	-155.078125
2349.713265	0.809161	-81.542969	-155.078125
2349.715265	1.050247	-81.542969	-155.078125
2349.717264	1.104004	-81.542969	-155.078125
2349.719266	1.100830	12.109134	0.171141
2350.697298	0.633689	98.535156	152.148437
2350.699300	0.899646	98.535156	152.148437
2350.701300	1.092020	98.535156	152.148437
2350.703300	1.102730	98.535156	152.148437
2350.705301	1.100109	12.101193	0.164978
2351.779381	0.384017	-74.902344	-154.785156
2351.781386	0.397192	-74.902344	-154.785156
2351.783384	0.922079	-74.902344	-154.785156
2351.785385	1.097671	-74.902344	-154.785156
2351.787383	1.102578	-74.902344	-154.785156
2351.789384	1.100055	12.100609	0.171707
2352.765420	0.757280	98.535156	151.757812
2352.767423	1.013190	98.535156	151.757812
2352.769423	1.104761	98.535156	151.757812
2352.771423	1.101732	12.119051	0.212238
2353.848001	0.403470	-75.000000	-154.980469
2353.850006	0.676222	-75.000000	-154.980469
2353.852005	0.940162	-75.000000	-154.980469
2353.854004	1.102195	-75.000000	-154.980469
2353.856004	1.104035	-75.000000	-154.980469
2353.858004	1.101711	12.118820	0.169194
2354.832077	0.368836	99.804687	152.246094
2354.834081	0.642310	99.804687	152.246094
2354.836080	0.907804	99.804687	152.246094
2354.838082	1.094319	99.804687	152.246094
2354.840082	1.102737	99.804687	152.246094
2354.842079	1.100167	12.101840	0.155733
2355.916635	0.530428	-80.468750	-155.761719
2355.918638	0.800553	-80.468750	-155.761719
2355.920638	1.044708	-80.468750	-155.761719
2355.922640	1.104104	-80.468750	-155.761719
2355.924640	1.100960	12.110561	0.169573
2356.902678	0.659849	95.996094	148.535156
2356.904681	0.924463	95.996094	148.535156
2356.906680	1.097825	95.996094	148.535156
2356.908680	1.102071	95.996094	148.535156
2356.910680	1.099558	12.095140	0.154227
2357.982718	0.518222	-57.421875	-156.152344
2357.984721	0.788519	-57.421875	-156.152344
2357.986719	1.036656	-57.421875	-156.152344
2357.988719	1.104391	-57.421875	-156.152344
2357.990719	1.101269	12.113955	0.171633
2358.971701	0.594722	95.507812	148.632812
2358.973702	0.862441	95.507812	148.632812
2358.975704	1.078393	95.507812	148.632812
2358.977707	1.103081	95.507812	148.632812
2358.979711	1.100324	12.103559	0.156136
2360.047788	0.329994	-71.191406	-157.617187
2360.049790	0.604702	-71.191406	-157.617187
2360.051788	0.871933	-71.191406	-157.617187
2360.053788	1.082489	-71.191406	-157.617187
2360.055791	1.103126	-71.191406	-157.617187
2360.057789	1.100291	12.103196	0.174887
2361.039857	0.480939	95.312500	150.195312
2361.041858	0.751856	95.312500	150.195312
2361.043858	1.008807	95.312500	150.195312
2361.045858	1.104835	95.312500	150.195312
2361.047858	1.101893	12.120824	0.164399
2362.119890	0.754400	-86.035156	-160.253906
2362.121895	0.764511	-86.035156	-160.253906
2362.123893	1.105602	-86.035156	-160.253906
2362.125894	1.102809	12.130899	0.174438
2363.111930	0.722108	94.628906	152.539062
2363.113932	0.983177	94.628906	152.539062
2363.115933	1.104935	94.628906	152.539062
2363.117931	1.102793	12.130723	0.158150
2364.185972	0.566293	-83.398437	-162.597656
2364.187978	0.835304	-83.398437	-162.597656
2364.189978	1.065657	-83.398437	-162.597656
2364.191978	1.103806	-83.398437	-162.597656
2364.193976	1.100848	12.109329	0.166505
2365.178004	0.571055	95.312500	156.933594
2365.180004	0.839810	95.312500	156.933594
2365.182006	1.067744	95.312500	156.933594
2365.184006	1.103386	95.312500	156.933594
2365.186004	1.100457	12.105030	0.164949
2366.254069	0.444418	-75.781250	-164.843750
2366.256071	0.715980	-75.781250	-164.843750
2366.258071	0.977625	-75.781250	-164.843750
2366.260072	1.104419	-75.781250	-164.843750
2366.262071	1.102630	12.128933	0.172876
2367.244125	0.315575	92.773437	157.714844
2367.246125	0.590597	92.773437	157.714844
2367.248126	0.858504	92.773437	157.714844
2367.250125	1.076582	92.773437	157.714844
2367.254124	1.100179	92.773437	157.714844
2367.256126	1.098576	12.084337	0.161592
2368.324150	0.383300	-61.621094	-165.429687
2368.326153	0.656581	-61.621094	-165.429687
2368.328154	0.921452	-61.621094	-165.429687
2368.330154	1.097237	-61.621094	-165.429687
2368.332154	1.102165	-61.621094	-165.429687
2368.334153	1.099631	12.095938	0.176664
2369.310201	0.619937	91.210937	157.617187
2369.312203	0.886410	91.210937	157.617187
2369.314202	1.088375	91.210937	157.617187
2369.316201	1.103906	91.210937	157.617187
2369.320199	1.099675	12.096426	0.158057
2370.396232	0.420686	-49.804687	-165.039062
2370.398235	0.692995	-49.804687	-165.039062
2370.400234	0.956160	-49.804687	-165.039062
2370.404232	1.102915	-49.804687	-165.039062
2370.406234	1.100567	12.106236	0.174547
2371.374263	0.401473	91.601562	156.738281
2371.376265	0.674161	91.601562	156.738281
2371.378272	0.938182	91.601562	156.738281
2371.380277	1.101819	91.601562	156.738281
2371.382280	1.103773	91.601562	156.738281
2371.384283	1.101344	12.114780	0.152388
2372.466338	0.291012	-40.917969	-163.183594
2372.468339	0.566748	-40.917969	-163.183594
2372.470339	0.835762	-40.917969	-163.183594
2372.472339	1.065637	-40.917969	-163.183594
2372.474339	1.103650	-40.917969	-163.183594
2372.476341	1.100650	12.107149	0.168514
2373.443308	0.756561	97.460937	156.152344
2373.445312	1.012547	97.460937	156.152344
2373.447310	1.104728	97.460937	156.152344
2373.449311	1.101766	12.119423	0.151525
2374.537897	0.814663	-64.257812	-161.132812
2374.539899	1.053734	-64.257812	-161.132812
2374.541900	1.103997	-64.257812	-161.132812
2374.543899	1.100854	12.109390	0.174237
2375.509981	0.225192	96.484375	148.730469
2375.511983	0.505216	96.484375	148.730469
2375.513984	0.775685	96.484375	148.730469
2375.515983	1.027376	96.484375	148.730469
2375.517983	1.104836	96.484375	148.730469
2375.519984	1.101735	12.119086	0.162958
2376.602057	0.439421	-73.632812	-159.960937
2376.604059	0.711209	-73.632812	-159.960937
2376.606058	0.973291	-73.632812	-159.960937
2376.608058	1.103623	-73.632812	-159.960937
2376.610058	1.101809	12.119902	0.170352
2377.582140	0.348965	98.339844	146.679687
2377.584141	0.623015	98.339844	146.679687
2377.588139	1.089276	98.339844	146.679687
2377.590140	1.103558	98.339844	146.679687
2377.592140	1.100918	12.110100	0.158809
2378.666188	0.369257	-53.222656	-159.375000
2378.668190	0.642851	-53.222656	-159.375000
2378.670191	0.908350	-53.222656	-159.375000
2378.672192	1.094286	-53.222656	-159.375000
2378.674193	1.102335	-53.222656	-159.375000
2378.676192	1.099805	12.097853	0.165064
2379.654184	0.380269	100.292969	150.292969
2379.656184	0.653435	100.292969	150.292969
2379.658184	0.918358	100.292969	150.292969
2379.660189	1.096439	100.292969	150.292969
2379.662194	1.102100	100.292969	150.292969
2379.664197	1.099594	12.095530	0.167400
2380.730745	0.321734	-74.218750	-162.890625
2380.734744	0.864174	-74.218750	-162.890625
2380.736745	1.079077	-74.218750	-162.890625
2380.738745	1.102974	-74.218750	-162.890625
2380.740747	1.100204	12.102239	0.179296
2381.724784	0.461683	99.316406	153.222656
2381.726787	0.732885	99.316406	153.222656
2381.728788	0.992673	99.316406	153.222656
2381.730787	1.104646	99.316406	153.222656
2381.732788	1.102045	12.122499	0.161466
2382.798805	0.261692	-75.292969	-166.796875
2382.800806	0.538782	-75.292969	-166.796875
2382.802812	0.808809	-75.292969	-166.796875
2382.804816	1.050886	-75.292969	-166.796875
2382.806814	1.104470	-75.292969	-166.796875
2382.808814	1.101381	12.115195	0.171935
2383.794834	0.675685	94.531250	152.343750
2383.796836	0.939595	94.531250	152.343750
2383.798836	1.102092	94.531250	152.343750
2383.800837	1.102776	94.531250	152.343750
2383.802835	1.101661	12.118271	0.152355
2384.868865	0.447001	-52.246094	-168.066406
2384.870866	0.718654	-52.246094	-168.066406
2384.872866	0.980039	-52.246094	-168.066406
2384.874869	1.104208	-52.246094	-168.066406
2384.878865	1.099863	12.098491	0.173960
2385.860919	0.629105	97.070312	157.714844
2385.862921	0.895256	97.070312	157.714844
2385.866918	1.092666	97.070312	157.714844
2385.868921	1.100057	97.070312	157.714844
2385.870920	1.098587	12.084461	0.159412
2386.937491	0.325396	-57.812500	-169.433594
2386.939493	0.600237	-57.812500	-169.433594
2386.941492	0.867776	-57.812500	-169.433594
2386.943492	1.080767	-57.812500	-169.433594
2386.945493	1.103112	-57.812500	-169.433594
2386.947493	1.100382	12.104198	0.178874
2387.925557	0.523530	95.117187	156.738281
2387.927560	0.793686	95.117187	156.738281
2387.929559	1.039975	95.117187	156.738281
2387.931559	1.103597	95.117187	156.738281
2387.933558	1.100372	12.104092	0.395995
2389.007615	0.410409	-57.617187	-169.726562
2389.009618	0.682849	-57.617187	-169.726562
2389.011627	0.946729	-57.617187	-169.726562
2389.013628	1.102364	-57.617187	-169.726562
2389.015626	1.103020	12.133223	0.177009
2389.991683	0.341233	94.726562	157.421875
2389.993683	0.615464	94.726562	157.421875
2389.995684	0.882180	94.726562	157.421875
2389.997684	1.086192	94.726562	157.421875
2389.999684	1.102736	94.726562	157.421875
2390.001684	1.100017	12.100192	0.159294
2391.075710	0.211041	-44.531250	-169.824219
2391.077711	0.492162	-44.531250	-169.824219
2391.079711	0.762845	-44.531250	-169.824219
2391.081712	1.017784	-44.531250	-169.824219
2391.083710	1.105892	-44.531250	-169.824219
2391.085711	1.102908	12.131989	0.182573
2392.059714	0.385288	94.824219	156.835937
2392.061714	0.658360	94.824219	156.835937
2392.063716	0.923047	94.824219	156.835937
2392.065717	1.097398	94.824219	156.835937
2392.067715	1.101895	94.824219	156.835937
2392.069715	1.099427	12.093696	0.154004
2393.147781	0.640352	-56.152344	-170.507812
2393.149782	0.905970	-56.152344	-170.507812
2393.151783	1.093781	-56.152344	-170.507812
2393.153785	1.102744	-56.152344	-170.507812
2393.155783	1.100213	12.102345	0.175376
2394.127797	0.258213	93.261719	155.078125
2394.129800	0.535477	93.261719	155.078125
2394.131800	0.805410	93.261719	155.078125
2394.133799	1.047712	93.261719	155.078125
2394.135800	1.103428	93.261719	155.078125
2394.137800	1.100296	12.103259	0.153035
2395.215844	0.548291	-38.378906	-170.410156
2395.217846	0.818126	-38.378906	-170.410156
2395.219847	1.055708	-38.378906	-170.410156
2395.221846	1.103806	-38.378906	-170.410156
2395.223846	1.100797	12.108763	0.180503
2396.196446	0.390115	94.921875	156.250000
2396.198447	0.663038	94.921875	156.250000
2396.200447	0.927538	94.921875	156.250000
2396.202448	1.098586	94.921875	156.250000
2396.204445	1.102173	94.921875	156.250000
2396.206446	1.099715	12.096869	0.154253
2397.282469	0.364291	-54.003906	-171.093750
2397.284471	0.637972	-54.003906	-171.093750
2397.286471	0.903721	-54.003906	-171.093750
2397.288472	1.093154	-54.003906	-171.093750
2397.290471	1.102635	-54.003906	-171.093750
2397.292471	1.100038	12.100423	0.175148
2398.266510	0.465418	96.875000	157.324219
2398.268512	0.477288	96.875000	157.324219
2398.270512	0.995922	96.875000	157.324219
2398.272511	1.104921	96.875000	157.324219
2398.274513	1.102274	12.125014	0.155408
2399.351460	0.572241	-44.335937	-171.484375
2399.353462	0.840904	-44.335937	-171.484375
2399.355462	1.068269	-44.335937	-171.484375
2399.357463	1.103359	-44.335937	-171.484375
2399.359463	1.100475	12.105226	0.682671
2400.334455	0.283325	94.726562	154.492187
2400.336456	0.559282	94.726562	154.492187
2400.338456	0.828476	94.726562	154.492187
2400.340456	1.061400	94.726562	154.492187
2400.342457	1.103044	94.726562	154.492187
2400.344455	1.100062	12.100679	0.159179
2401.416526	0.456481	-51.464844	-172.070312
2401.418528	0.727858	-51.464844	-172.070312
2401.420529	0.988212	-51.464844	-172.070312
2401.422528	1.104205	-51.464844	-172.070312
2401.424528	1.101745	12.119192	0.172892
2402.406570	0.504240	96.093750	154.101562
2402.408572	0.774655	96.093750	154.101562
2402.410571	1.026521	96.093750	154.101562
2402.412571	1.104528	96.093750	154.101562
2402.414574	1.101364	12.115009	0.299601
2403.484652	0.513532	-49.902344	-171.582031
2403.486656	0.783926	-49.902344	-171.582031
2403.488660	1.033304	-49.902344	-171.582031
2403.490656	1.104118	-49.902344	-171.582031
2403.492656	1.100939	12.110331	0.173490
2404.475200	0.454043	100.683594	155.175781
2404.477202	0.725450	100.683594	155.175781
2404.479203	0.986126	100.683594	155.175781
2404.481203	1.104842	100.683594	155.175781
2404.483201	1.102461	12.127070	0.156741
2405.552147	0.553679	-54.882812	-171.191406
2405.554149	0.823159	-54.882812	-171.191406
2405.556148	1.058724	-54.882812	-171.191406
2405.558148	1.103962	-54.882812	-171.191406
2405.560149	1.100918	12.110100	0.167341
2406.544646	1.372074	100.585937	151.269531
2406.546647	0.718842	100.585937	151.269531
2406.548647	0.980206	100.585937	151.269531
2406.550645	1.103865	100.585937	151.269531
2406.554645	1.099516	12.094671	0.149258
2407.619585	0.515440	-66.699219	-169.335937
2407.621587	0.785724	-66.699219	-169.335937
2407.623587	1.034535	-66.699219	-169.335937
2407.625587	1.104175	-66.699219	-169.335937
2407.627587	1.101020	12.111225	0.178188
2408.611658	0.421186	101.171875	146.972656
2408.615659	0.956375	101.171875	146.972656
2408.617659	1.102651	101.171875	146.972656
2408.619660	1.102040	12.122437	0.153529
2409.690201	0.528144	-53.027344	-166.894531
2409.692204	0.798234	-53.027344	-166.894531
2409.694203	1.043187	-53.027344	-166.894531
2409.696203	1.103890	-53.027344	-166.894531
2409.698203	1.100722	12.107938	0.177330
2410.676757	0.378745	102.441406	145.117187
2410.678760	0.651987	102.441406	145.117187
2410.680759	0.916945	102.441406	145.117187
2410.682759	1.096266	102.441406	145.117187
2410.684758	1.102210	102.441406	145.117187
2410.686758	1.099681	12.096487	0.158641
2411.761316	0.504127	-65.820312	-167.089844
2411.763317	0.774632	-65.820312	-167.089844
2411.765318	1.026783	-65.820312	-167.089844
2411.767318	1.105386	-65.820312	-167.089844
2411.769318	1.102376	12.126141	0.315290
2412.743371	0.683438	100.683594	143.554687
2412.745375	0.946976	100.683594	143.554687
2412.747375	1.101926	100.683594	143.554687
2412.749374	1.102391	12.126300	0.162587
2413.833393	0.713495	-64.257812	-168.261719
2413.835392	0.975372	-64.257812	-168.261719
2413.837392	1.104271	-64.257812	-168.261719
2413.839392	1.102558	12.128143	0.177892
2414.807404	0.319366	97.949219	144.921875
2414.809408	0.594271	97.949219	144.921875
2414.811407	0.861983	97.949219	144.921875
2414.813408	1.078071	97.949219	144.921875
2414.815406	1.080089	97.949219	144.921875
2414.817406	1.099867	12.098535	0.159724
2415.901442	0.445590	-53.417969	-170.605469
2415.903443	0.717137	-53.417969	-170.605469
2415.905444	0.978679	-53.417969	-170.605469
2415.907443	1.104151	-53.417969	-170.605469
2415.909444	1.102097	12.123066	0.178324
2416.877514	0.577811	95.117187	146.972656
2416.879514	0.846242	95.117187	146.972656
2416.881516	1.071077	95.117187	146.972656
2416.885516	1.103604	95.117187	146.972656
2416.887517	1.099198	12.091179	0.155693
2417.969578	0.399576	-35.546875	-172.753906
2417.971580	0.672313	-35.546875	-172.753906
2417.973581	0.936423	-35.546875	-172.753906
2417.975587	1.100359	-35.546875	-172.753906
2417.979590	1.099889	-35.546875	-172.753906
2417.981592	1.098506	12.083566	0.178962
2418.946534	0.407376	93.652344	149.902344
2418.948537	0.679933	93.652344	149.902344
2418.950543	0.943550	93.652344	149.902344
2418.952544	1.101545	93.652344	149.902344
2418.954543	1.102558	12.128134	0.149591
2420.038566	0.434524	-47.851562	-175.195312
2420.040570	0.706430	-47.851562	-175.195312
2420.042569	0.968855	-47.851562	-175.195312
2420.044568	1.104572	-47.851562	-175.195312
2420.046569	1.103162	12.134781	0.172808
2421.018569	0.646610	94.140625	151.367187
2421.020569	0.911842	94.140625	151.367187
2421.022571	1.095171	94.140625	151.367187
2421.024570	1.102513	94.140625	151.367187
2421.026568	1.099949	12.099439	0.155341
2422.102654	0.533444	-54.492187	-176.171875
2422.104657	0.803516	-54.492187	-176.171875
2422.106657	1.046682	-54.492187	-176.171875
2422.108657	1.104106	-54.492187	-176.171875
2422.110657	1.101033	12.111368	0.474104
2423.088700	0.523560	94.628906	150.976562
2423.090701	0.793681	94.628906	150.976562
2423.092703	1.040006	94.628906	150.976562
2423.094702	1.103876	94.628906	150.976562
2423.096702	1.100742	12.108159	0.402393
2424.170773	0.449628	-58.789062	-176.855469
2424.172775	0.721160	-58.789062	-176.855469
2424.174774	0.982408	-58.789062	-176.855469
2424.176775	1.105379	-58.789062	-176.855469
2424.178777	1.103416	12.137573	0.172316
2425.156869	0.447145	99.414062	152.832031
2425.158871	0.718703	99.414062	152.832031
2425.160871	0.980283	99.414062	152.832031
2425.162872	1.104654	99.414062	152.832031
2425.164873	1.102708	12.129783	0.157699
2426.235855	0.369307	-53.320312	-177.050781
2426.237857	0.642896	-53.320312	-177.050781
2426.239857	0.908349	-53.320312	-177.050781
2426.241858	1.094356	-53.320312	-177.050781
2426.243858	1.102507	-53.320312	-177.050781
2426.245856	1.099898	12.098881	0.178501
2427.225889	0.309281	97.949219	150.000000
2427.227891	0.584354	97.949219	150.000000
2427.229891	0.852435	97.949219	150.000000
2427.231890	1.073617	97.949219	150.000000
2427.233889	1.102728	97.949219	150.000000
2427.235891	1.099922	12.099147	0.156210
2428.301939	0.355757	-66.406250	-176.855469
2428.303942	0.629651	-66.406250	-176.855469
2428.305942	0.895762	-66.406250	-176.855469
2428.307942	1.090549	-66.406250	-176.855469
2428.309942	1.102439	-66.406250	-176.855469
2428.311942	1.099781	12.097586	0.182972
2429.294011	0.436347	101.367187	150.488281
2429.296012	0.708139	101.367187	150.488281
2429.300011	1.104276	101.367187	150.488281
2429.302013	1.102878	101.367187	150.488281
2429.304013	1.100565	12.106218	0.160724
2430.370559	0.480433	-60.351562	-176.171875
2430.372560	0.751376	-60.351562	-176.171875
2430.374562	1.008547	-60.351562	-176.171875
2430.376561	1.105515	-60.351562	-176.171875
2430.378561	1.102675	12.129429	0.196843
2431.364607	0.446119	98.339844	146.484375
2431.366609	0.717687	98.339844	146.484375
2431.368609	0.979119	98.339844	146.484375
2431.370609	1.104397	98.339844	146.484375
2431.374608	1.100019	12.100210	0.159823
2432.438648	0.462235	-63.378906	-176.074219
2432.440649	0.733542	-63.378906	-176.074219
2432.444646	1.105150	-63.378906	-176.074219
2432.446649	1.102544	-63.378906	-176.074219
2432.448649	1.100286	12.103144	0.175850
2433.430682	0.325469	97.265625	144.628906
2433.432681	0.600069	97.265625	144.628906
2433.434680	0.867467	97.265625	144.628906
2433.438680	1.102975	97.265625	144.628906
2433.440681	1.100336	97.265625	144.628906
2433.442682	1.098684	12.085525	0.159177
2434.508730	0.611279	-72.363281	-176.855469
2434.510730	0.878245	-72.363281	-176.855469
2434.512733	1.084770	-72.363281	-176.855469
2434.514733	1.102973	-72.363281	-176.855469
2434.516732	1.100380	12.104179	0.873921
2435.500778	0.477515	98.828125	144.921875
2435.502781	0.748397	98.828125	144.921875
2435.504783	1.005890	98.828125	144.921875
2435.506784	1.105078	98.828125	144.921875
2435.508790	1.102200	12.124201	0.155480
2436.574831	0.426821	-65.722656	-177.246094
2436.576833	0.698852	-65.722656	-177.246094
2436.578833	0.961646	-65.722656	-177.246094
2436.580832	0.967804	-65.722656	-177.246094
2436.582832	1.102158	12.123739	0.175516
2437.566847	0.322565	98.730469	145.117187
2437.568848	0.597220	98.730469	145.117187
2437.570849	0.864809	98.730469	145.117187
2437.572849	1.079276	98.730469	145.117187
2437.574849	1.102746	98.730469	145.117187
2437.576847	1.100021	12.100227	0.162330
2438.644900	0.643763	-69.238281	-178.027344
2438.646901	0.909157	-69.238281	-178.027344
2438.648900	1.095075	-69.238281	-178.027344
2438.650901	1.103325	-69.238281	-178.027344
2438.652899	1.100815	12.108966	0.172439
2439.640916	0.970091	100.585937	146.875000
2439.644916	1.101465	100.585937	146.875000
2439.646918	1.099296	12.092259	0.168371
2440.715469	0.333943	-66.699219	-178.320312
2440.717469	0.608467	-66.699219	-178.320312
2440.719469	0.875526	-66.699219	-178.320312
2440.721469	1.083918	-66.699219	-178.320312
2440.723470	1.103094	-66.699219	-178.320312
2440.725469	1.100400	12.104401	0.167192
2441.705496	0.448988	101.171875	148.144531
2441.707497	0.720490	101.171875	148.144531
2441.709496	0.981682	101.171875	148.144531
2441.711498	1.104726	101.171875	148.144531
2441.713497	1.102635	12.128985	0.151268
2442.778068	0.225299	-51.562500	-179.394531
2442.780069	0.505292	-51.562500	-179.394531
2442.782070	0.775772	-51.562500	-179.394531
2442.784071	1.027598	-51.562500	-179.394531
2442.786070	1.105424	-51.562500	-179.394531
2442.788071	1.102386	12.126247	0.184452
2443.774094	0.641042	100.000000	147.949219
2443.776096	0.906488	100.000000	147.949219
2443.778095	1.093778	100.000000	147.949219
2443.780097	1.102470	100.000000	147.949219
2443.782096	1.099831	12.098136	0.161082
2444.848643	0.482789	-53.222656	-180.761719
2444.850644	0.753596	-53.222656	-180.761719
2444.852645	1.010366	-53.222656	-180.761719
2444.854644	1.106103	-53.222656	-180.761719
2444.856643	1.103351	12.136856	0.201968
2445.840705	0.699124	101.562500	150.976562
2445.842706	0.712671	101.562500	150.976562
2445.844707	1.104059	101.562500	150.976562
2445.846706	1.104355	12.147906	0.158366
