crossing time (s)	slope (V/s)	crossing number
281474976710655.000000	3.503053	3352	0.000000
281474976710655.000000	3.192888	3353	4414528000.000000
281474976710655.000000	3.224960	3354	4415584256.000000
281474976710655.000000	3.102439	3355	4416613888.000000
281474976710655.000000	3.315025	3356	4417651200.000000
281474976710655.000000	3.150469	3357	4418685952.000000
281474976710655.000000	3.382418	3358	4419734528.000000
281474976710655.000000	3.514235	3359	4420766720.000000
281474976710655.000000	3.301622	3360	4421806080.000000
281474976710655.000000	3.396137	3361	4422837760.000000
281474976710655.000000	3.264729	3362	4423883264.000000
281474976710655.000000	3.527938	3363	4424908800.000000
281474976710655.000000	3.134281	3364	4425972736.000000
281474976710655.000000	3.376066	3365	4426974720.000000
281474976710655.000000	3.456454	3366	4428055552.000000
281474976710655.000000	3.367698	3367	4429045248.000000
281474976710655.000000	3.516620	3368	4430129664.000000
281474976710655.000000	3.178093	3369	4431134720.000000
281474976710655.000000	3.707309	3370	4432192512.000000
281474976710655.000000	3.507070	3371	4433217536.000000
281474976710655.000000	3.493116	3372	4434265600.000000
281474976710655.000000	3.584843	3373	4435296768.000000
281474976710655.000000	3.518526	3374	4436344320.000000
281474976710655.000000	3.759558	3375	4437360128.000000
281474976710655.000000	3.342516	3376	4438434304.000000
281474976710655.000000	3.586922	3377	4439429632.000000
281474976710655.000000	3.632318	3378	4440510464.000000
281474976710655.000000	3.549381	3379	4441505280.000000
281474976710655.000000	3.638829	3380	4442584064.000000
281474976710655.000000	3.366082	3381	4443592192.000000
281474976710655.000000	3.852154	3382	4444651520.000000
281474976710655.000000	3.656749	3383	4445673984.000000
281474976710655.000000	3.661865	3384	4446721536.000000
281474976710655.000000	3.670794	3385	4447757312.000000
281474976710655.000000	3.842764	3386	4448797184.000000
281474976710655.000000	3.729266	3387	4449828864.000000
281474976710655.000000	3.636119	3388	4450874368.000000
281474976710655.000000	3.732620	3389	4451906560.000000
281474976710655.000000	3.755463	3390	4452951552.000000
281474976710655.000000	3.733730	3391	4453986304.000000
281474976710655.000000	3.865449	3392	4455026176.000000
281474976710655.000000	3.792123	3393	4456057344.000000
281474976710655.000000	3.771776	3394	4457105920.000000
281474976710655.000000	3.818532	3395	4458133504.000000
281474976710655.000000	3.861238	3396	4459183616.000000
281474976710655.000000	3.723900	3397	4460200960.000000
281474976710655.000000	3.876996	3398	4461269504.000000
281474976710655.000000	3.719174	3399	4462273024.000000
281474976710655.000000	3.905473	3400	4463350272.000000
281474976710655.000000	3.898138	3401	4464345088.000000
281474976710655.000000	3.878968	3402	4465425920.000000
281474976710655.000000	3.995916	3403	4466427904.000000
281474976710655.000000	3.886253	3404	4467493888.000000
281474976710655.000000	4.007545	3405	4468512256.000000
281474976710655.000000	3.896765	3406	4469563392.000000
281474976710655.000000	3.975979	3407	4470595072.000000
281474976710655.000000	3.998525	3408	4471636480.000000
281474976710655.000000	3.938941	3409	4472667648.000000
281474976710655.000000	4.042423	3410	4473720320.000000
281474976710655.000000	3.932840	3411	4474735104.000000
281474976710655.000000	4.062940	3412	4475805184.000000
281474976710655.000000	3.958644	3413	4476807168.000000
281474976710655.000000	4.085175	3414	4477884928.000000
281474976710655.000000	4.137678	3415	4478882304.000000
281474976710655.000000	4.008866	3416	4479959552.000000
281474976710655.000000	4.081921	3417	4480962560.000000
281474976710655.000000	4.052531	3418	4482031616.000000
281474976710655.000000	4.150084	3419	4483040256.000000
281474976710655.000000	4.018906	3420	4484105728.000000
281474976710655.000000	4.184617	3421	4485120000.000000
281474976710655.000000	4.084273	3422	4486180864.000000
281474976710655.000000	4.254537	3423	4487196160.000000
281474976710655.000000	4.096618	3424	4488257024.000000
281474976710655.000000	4.259383	3425	4489270784.000000
281474976710655.000000	4.062746	3426	4490336256.000000
281474976710655.000000	4.233164	3427	4491346432.000000
281474976710655.000000	4.136025	3428	4492414976.000000
281474976710655.000000	4.286541	3429	4493417984.000000
281474976710655.000000	4.258266	3430	4494495744.000000
281474976710655.000000	4.246115	3431	4495493120.000000
281474976710655.000000	4.342983	3432	4496569856.000000
281474976710655.000000	4.252782	3433	4497571840.000000
281474976710655.000000	4.369047	3434	4498639360.000000
281474976710655.000000	4.175857	3435	4499658752.000000
281474976710655.000000	4.405612	3436	4500707328.000000
281474976710655.000000	4.259179	3437	4501743104.000000
281474976710655.000000	4.368727	3438	4502779392.000000
281474976710655.000000	4.359829	3439	4503818752.000000
281474976710655.000000	4.372241	3440	4504860672.000000
281474976710655.000000	4.495543	3441	4505890304.000000
281474976710655.000000	4.356354	3442	4506941952.000000
281474976710655.000000	4.493942	3443	4507959808.000000
281474976710655.000000	4.377433	3444	4509026304.000000
281474976710655.000000	4.516829	3445	4510031360.000000
281474976710655.000000	4.412941	3446	4511105024.000000
281474976710655.000000	4.455204	3447	4512107008.000000
281474976710655.000000	4.546790	3448	4513179648.000000
281474976710655.000000	4.419630	3449	4514187776.000000
281474976710655.000000	4.582252	3450	4515250688.000000
281474976710655.000000	4.455386	3451	4516267520.000000
281474976710655.000000	4.598516	3452	4517323776.000000
281474976710655.000000	4.505578	3453	4518348288.000000
281474976710655.000000	4.600429	3454	4519397376.000000
281474976710655.000000	4.548475	3455	4520427008.000000
281474976710655.000000	4.621745	3456	4521472512.000000
281474976710655.000000	4.530797	3457	4522502144.000000
281474976710655.000000	4.645720	3458	4523549696.000000
281474976710655.000000	4.571843	3459	4524578816.000000
281474976710655.000000	4.652281	3460	4525627392.000000
281474976710655.000000	4.596350	3461	4526653440.000000
281474976710655.000000	4.690282	3462	4527708160.000000
281474976710655.000000	4.678424	3463	4528724992.000000
281474976710655.000000	4.658174	3464	4529788928.000000
281474976710655.000000	4.637444	3465	4530798080.000000
281474976710655.000000	4.688520	3466	4531868672.000000
281474976710655.000000	4.708378	3467	4532872704.000000
281474976710655.000000	4.696162	3468	4533944832.000000
281474976710655.000000	4.725733	3469	4534951936.000000
281474976710655.000000	4.719635	3470	4536016896.000000
281474976710655.000000	4.782668	3471	4537033728.000000
281474976710655.000000	4.743430	3472	4538086912.000000
281474976710655.000000	4.791559	3473	4539115008.000000
281474976710655.000000	4.737477	3474	4540160000.000000
281474976710655.000000	4.769122	3475	4541195776.000000
281474976710655.000000	4.783535	3476	4542235136.000000
281474976710655.000000	4.818486	3477	4543271424.000000
281474976710655.000000	4.801079	3478	4544313344.000000
281474976710655.000000	4.773679	3479	4545344000.000000
281474976710655.000000	4.847049	3480	4546395648.000000
281474976710655.000000	4.812191	3481	4547414016.000000
281474976710655.000000	4.813938	3482	4548477952.000000
281474976710655.000000	4.806209	3483	4549486592.000000
281474976710655.000000	4.861347	3484	4550557184.000000
281474976710655.000000	4.886615	3485	4551561728.000000
281474976710655.000000	4.861803	3486	4552633856.000000
281474976710655.000000	4.876277	3487	4553637888.000000
281474976710655.000000	4.885183	3488	4554710016.000000
281474976710655.000000	4.887480	3489	4555715584.000000
281474976710655.000000	4.909515	3490	4556786176.000000
281474976710655.000000	4.981794	3491	4557793280.000000
281474976710655.000000	4.968823	3492	4558862848.000000
281474976710655.000000	5.003649	3493	4559868416.000000
281474976710655.000000	4.973170	3494	4560939520.000000
281474976710655.000000	5.013020	3495	4561945088.000000
281474976710655.000000	5.015959	3496	4563016192.000000
281474976710655.000000	5.026602	3497	4564022272.000000
281474976710655.000000	5.113836	3498	4565090816.000000
281474976710655.000000	5.055701	3499	4566102528.000000
281474976710655.000000	5.096433	3500	4567162880.000000
281474976710655.000000	5.030993	3501	4568184832.000000
281474976710655.000000	5.181893	3502	4569233920.000000
281474976710655.000000	5.108468	3503	4570266112.000000
281474976710655.000000	5.142529	3504	4571306496.000000
281474976710655.000000	5.122080	3505	4572345344.000000
281474976710655.000000	5.144132	3506	4573382656.000000
281474976710655.000000	5.242072	3507	4574419968.000000
281474976710655.000000	5.132634	3508	4575461888.000000
281474976710655.000000	5.189796	3509	4576493056.000000
281474976710655.000000	5.105125	3510	4577542656.000000
281474976710655.000000	5.252661	3511	4578565120.000000
281474976710655.000000	5.167684	3512	4579623936.000000
281474976710655.000000	5.251336	3513	4580637184.000000
281474976710655.000000	5.189032	3514	4581704192.000000
281474976710655.000000	5.281401	3515	4582712320.000000
281474976710655.000000	5.236422	3516	4583781376.000000
281474976710655.000000	5.267416	3517	4584787968.000000
281474976710655.000000	5.252767	3518	4585858560.000000
281474976710655.000000	5.307360	3519	4586865152.000000
281474976710655.000000	5.350408	3520	4587934208.000000
281474976710655.000000	5.335135	3521	4588944384.000000
281474976710655.000000	5.362139	3522	4590007808.000000
281474976710655.000000	5.303256	3523	4591023104.000000
281474976710655.000000	5.350615	3524	4592083968.000000
281474976710655.000000	5.338003	3525	4593100288.000000
281474976710655.000000	5.394728	3526	4594159616.000000
281474976710655.000000	5.400753	3527	4595176960.000000
281474976710655.000000	5.411546	3528	4596236288.000000
281474976710655.000000	5.454946	3529	4597252608.000000
281474976710655.000000	5.444399	3530	4598313984.000000
281474976710655.000000	5.432781	3531	4599328256.000000
281474976710655.000000	5.480223	3532	4600393728.000000
281474976710655.000000	5.492609	3533	4601402368.000000
281474976710655.000000	5.490140	3534	4602471424.000000
281474976710655.000000	5.488935	3535	4603478016.000000
281474976710655.000000	5.473184	3536	4604549120.000000
281474976710655.000000	5.475331	3537	4605554176.000000
281474976710655.000000	5.480875	3538	4606624768.000000
281474976710655.000000	5.547818	3539	4607633408.000000
281474976710655.000000	5.541529	3540	4608698880.000000
281474976710655.000000	5.536129	3541	4609713152.000000
281474976710655.000000	5.560058	3542	4610771968.000000
281474976710655.000000	5.578657	3543	4611793408.000000
281474976710655.000000	5.549881	3544	4612845056.000000
281474976710655.000000	5.634988	3545	4613874176.000000
281474976710655.000000	5.590341	3546	4614918144.000000
281474976710655.000000	5.686973	3547	4615952896.000000
281474976710655.000000	5.600443	3548	4616992768.000000
281474976710655.000000	5.657211	3549	4618030080.000000
281474976710655.000000	5.631197	3550	4619069952.000000
281474976710655.000000	5.687257	3551	4620105728.000000
281474976710655.000000	5.646232	3552	4621149696.000000
281474976710655.000000	5.653615	3553	4622178816.000000
281474976710655.000000	5.697839	3554	4623229952.000000
281474976710655.000000	5.687579	3555	4624251904.000000
281474976710655.000000	5.702190	3556	4625310208.000000
281474976710655.000000	5.724014	3557	4626324480.000000
281474976710655.000000	5.699559	3558	4627389952.000000
281474976710655.000000	5.722961	3559	4628399104.000000
281474976710655.000000	5.738523	3560	4629468160.000000
281474976710655.000000	5.797982	3561	4630475264.000000
281474976710655.000000	5.788673	3562	4631544832.000000
281474976710655.000000	5.827449	3563	4632551424.000000
281474976710655.000000	5.795243	3564	4633622016.000000
281474976710655.000000	5.817688	3565	4634628096.000000
281474976710655.000000	5.825116	3566	4635698688.000000
281474976710655.000000	5.798200	3567	4636705280.000000
281474976710655.000000	5.857968	3568	4637774848.000000
281474976710655.000000	5.856314	3569	4638782976.000000
281474976710655.000000	5.913797	3570	4639849984.000000
281474976710655.000000	5.836914	3571	4640862720.000000
281474976710655.000000	5.887157	3572	4641923072.000000
281474976710655.000000	5.863510	3573	4642942976.000000
281474976710655.000000	5.902278	3574	4643996160.000000
281474976710655.000000	5.926092	3575	4645023744.000000
281474976710655.000000	6.000886	3576	4646069248.000000
281474976710655.000000	5.928805	3577	4647102976.000000
281474976710655.000000	5.975428	3578	4648143872.000000
281474976710655.000000	5.992944	3579	4649180160.000000
281474976710655.000000	5.984955	3580	4650220544.000000
281474976710655.000000	6.069168	3581	4651256320.000000
281474976710655.000000	5.984296	3582	4652298240.000000
281474976710655.000000	6.022978	3583	4653331456.000000
281474976710655.000000	5.999567	3584	4654377984.000000
281474976710655.000000	6.084697	3585	4655405568.000000
281474976710655.000000	6.013925	3586	4656457216.000000
281474976710655.000000	6.084597	3587	4657479680.000000
281474976710655.000000	6.004001	3588	4658536448.000000
281474976710655.000000	6.073733	3589	4659553792.000000
281474976710655.000000	6.030791	3590	4660615680.000000
281474976710655.000000	6.089560	3591	4661628928.000000
281474976710655.000000	6.089546	3592	4662694400.000000
281474976710655.000000	6.092346	3593	4663703552.000000
281474976710655.000000	6.072803	3594	4664772096.000000
281474976710655.000000	6.152947	3595	4665779712.000000
281474976710655.000000	6.155942	3596	4666849792.000000
281474976710655.000000	6.165963	3597	4667856384.000000
281474976710655.000000	6.179426	3598	4668925952.000000
281474976710655.000000	6.268209	3599	4669933056.000000
281474976710655.000000	6.177043	3600	4671002624.000000
281474976710655.000000	6.287932	3601	4672010240.000000
281474976710655.000000	6.160075	3602	4673078784.000000
281474976710655.000000	6.230423	3603	4674086912.000000
281474976710655.000000	6.273990	3604	4675155456.000000
281474976710655.000000	6.295432	3605	4676163584.000000
281474976710655.000000	6.235779	3606	4677232128.000000
281474976710655.000000	6.379001	3607	4678240768.000000
281474976710655.000000	6.333836	3608	4679309312.000000
281474976710655.000000	6.321261	3609	4680317440.000000
281474976710655.000000	6.396500	3610	4681386496.000000
281474976710655.000000	6.379677	3611	4682394112.000000
281474976710655.000000	6.299046	3612	4683463168.000000
281474976710655.000000	6.371815	3613	4684470784.000000
281474976710655.000000	6.354567	3614	4685539840.000000
281474976710655.000000	6.457024	3615	4686547456.000000
281474976710655.000000	6.391977	3616	4687616512.000000
281474976710655.000000	6.363980	3617	4688625152.000000
281474976710655.000000	6.426346	3618	4689692672.000000
281474976710655.000000	6.417734	3619	4690702848.000000
281474976710655.000000	6.393605	3620	4691768320.000000
281474976710655.000000	6.442053	3621	4692782080.000000
281474976710655.000000	6.459791	3622	4693842432.000000
281474976710655.000000	6.473057	3623	4694860288.000000
281474976710655.000000	6.510150	3624	4695917056.000000
281474976710655.000000	6.528626	3625	4696939520.000000
281474976710655.000000	6.531306	3626	4697992192.000000
281474976710655.000000	6.510239	3627	4699017728.000000
281474976710655.000000	6.510861	3628	4700067328.000000
281474976710655.000000	6.606267	3629	4701096448.000000
281474976710655.000000	6.528341	3630	4702141440.000000
281474976710655.000000	6.524443	3631	4703175168.000000
281474976710655.000000	6.551065	3632	4704217600.000000
281474976710655.000000	6.539765	3633	4705250816.000000
281474976710655.000000	6.559694	3634	4706294272.000000
281474976710655.000000	6.617224	3635	4707328512.000000
281474976710655.000000	6.585133	3636	4708370432.000000
281474976710655.000000	6.608313	3637	4709405184.000000
281474976710655.000000	6.564583	3638	4710449664.000000
281474976710655.000000	6.619675	3639	4711479808.000000
281474976710655.000000	6.535618	3640	4712527872.000000
281474976710655.000000	6.575655	3641	4713553920.000000
281474976710655.000000	6.590543	3642	4714607104.000000
281474976710655.000000	6.647533	3643	4715628544.000000
281474976710655.000000	6.641628	3644	4716686848.000000
281474976710655.000000	6.685387	3645	4717703168.000000
281474976710655.000000	6.603535	3646	4718765568.000000
