time (s)	energy (uJ)	charge (mC)	voltage (mV)	crossing#mod 255
4808.733694	23.569189	0.003831	6.151778	129
4809.806232	19.675739	0.003810	5.164389	130
4810.806721	22.707794	0.003806	5.965959	131
4811.886829	20.399557	0.003816	5.345520	132
4812.884717	23.759834	0.003806	6.242112	133
4813.962994	19.498777	0.003835	5.084858	134
4814.967016	23.603617	0.003820	6.178156	135
4816.033573	20.620508	0.003818	5.400283	136
4817.036095	23.939390	0.003836	6.240955	137
4818.120137	20.888515	0.003813	5.478838	138
4819.110152	22.589724	0.003820	5.913281	139
4820.188163	22.327181	0.003821	5.843322	140
4821.193289	23.939053	0.003804	6.293752	141
4822.258701	21.874046	0.003812	5.737799	142
4823.287307	22.729223	0.003826	5.940688	143
4824.326248	22.323248	0.003817	5.849117	144
4825.362856	23.505285	0.003809	6.170367	145
4826.397345	22.023148	0.003825	5.757050	146
4827.435364	23.888220	0.003820	6.253216	147
4828.491384	20.489643	0.003824	5.357915	148
4829.497424	24.627600	0.003828	6.433629	149
4830.573963	21.127489	0.003819	5.531695	150
4831.576502	23.184069	0.003803	6.095645	151
4832.641070	22.202087	0.003813	5.823198	152
4833.665104	23.326647	0.003811	6.120269	153
4834.702966	21.984045	0.003810	5.769470	154
4835.741281	23.636019	0.003813	6.198716	155
4836.793299	21.234798	0.003830	5.544379	156
4837.806253	25.039665	0.003823	6.549737	157
4838.876661	21.034832	0.003815	5.513884	158
4839.878813	24.350943	0.003800	6.408283	159
4840.955447	22.170168	0.003828	5.790840	160
4841.957683	23.912580	0.003811	6.274075	161
4843.020800	22.744745	0.003817	5.959405	162
4844.043710	23.865444	0.003803	6.275760	163
4845.090955	22.802013	0.003813	5.980395	164
4846.122982	23.588850	0.003808	6.194177	165
4847.163136	23.123604	0.003822	6.049891	166
4848.199123	24.336308	0.003815	6.379910	167
4849.241281	22.559435	0.003826	5.896489	168
4850.275250	23.978706	0.003814	6.287390	169
4851.315281	22.770582	0.003808	5.979962	170
4852.351284	24.880838	0.003818	6.516001	171
4853.391340	23.139055	0.003807	6.078089	172
4854.427346	24.527170	0.003803	6.449531	173
4855.469121	22.570307	0.003805	5.931246	174
4856.505355	24.986355	0.003813	6.552227	175
4857.543498	23.584566	0.003817	6.179103	176
4858.581394	24.684212	0.003805	6.487332	177
4859.621427	23.377647	0.003808	6.139375	178
4860.657608	24.910633	0.003816	6.528152	179
4861.701555	23.935207	0.003811	6.280684	180
4862.730157	25.173399	0.003824	6.583833	181
4863.784001	23.726515	0.003806	6.233605	182
4864.800150	25.347279	0.003837	6.605776	183
4865.865571	23.190186	0.003802	6.099940	184
4866.870153	25.905886	0.003814	6.792868	185
4867.944702	23.320858	0.003826	6.094617	186
4868.952770	26.013290	0.003814	6.821142	187
4870.011684	23.512157	0.003828	6.141907	188
4871.037669	25.789402	0.003818	6.754806	189
4872.077675	24.211311	0.003816	6.344238	190
4873.117710	25.628897	0.003817	6.714917	191
4874.162294	24.267736	0.003805	6.378517	192
4875.184789	25.670971	0.003811	6.735528	193
4876.246622	24.593035	0.003812	6.450795	194
4877.252911	26.207787	0.003825	6.851666	195
4878.326892	23.754486	0.003826	6.208012	196
4879.326821	26.244020	0.003819	6.872460	197
4880.398889	23.700394	0.003812	6.217333	198
4881.413699	26.497377	0.003807	6.960258	199
4882.465865	24.225529	0.003837	6.313771	200
4883.497911	26.293091	0.003815	6.892204	201
4884.539943	24.884079	0.003827	6.502994	202
4885.576530	26.537838	0.003825	6.937728	203
4886.616516	25.205853	0.003824	6.591450	204
4887.650380	26.014494	0.003817	6.815186	205
4888.692329	25.330027	0.003812	6.644757	206
4889.726649	26.292557	0.003817	6.887408	207
4890.768622	24.926311	0.003800	6.558765	208
4891.804769	37.933353	0.003804	9.972609	209
4892.844768	25.480099	0.003818	6.673312	210
4893.880755	26.206663	0.003814	6.870522	211
4894.921408	25.791773	0.003830	6.734167	212
4895.959953	26.859425	0.003831	7.011761	213
4896.996492	35.546421	0.003821	9.303255	214
4898.035477	27.011086	0.003818	7.073888	215
4899.073185	24.980783	0.003802	6.569836	216
4900.108752	27.172310	0.003805	7.140838	217
4901.160090	24.544029	0.003816	6.431139	218
4902.173818	27.826965	0.003861	7.207347	219
4903.241677	24.680910	0.003801	6.492484	220
4904.246979	27.628944	0.003803	7.265139	221
4905.323006	25.088087	0.003805	6.592908	222
4906.325534	27.145151	0.003818	7.110699	223
4907.392138	25.965824	0.003818	6.801520	224
4908.413856	26.970390	0.003808	7.081886	225
4909.457833	25.728678	0.003802	6.767522	226
4910.491987	27.159159	0.003813	7.122519	227
4911.530030	26.240238	0.003812	6.882827	228
4912.567990	27.715214	0.003812	7.271420	229
4913.616072	25.180389	0.003811	6.607700	230
4914.640071	28.076534	0.003818	7.353035	231
4915.700629	58.959312	0.003796	15.533954	232
4916.709191	29.000984	0.003833	7.566902	233
4917.777713	25.310421	0.003814	6.635758	234
4918.781781	28.573975	0.003828	7.463547	235
4919.855863	25.835238	0.003816	6.770363	236
4920.860793	28.459370	0.003825	7.440794	237
4921.929336	25.927204	0.003819	6.789340	238
4922.937355	28.166155	0.003817	7.378305	239
4924.004348	26.073391	0.003824	6.818884	240
4925.014272	27.924406	0.003814	7.322117	241
4926.080399	26.516783	0.003821	6.939153	242
4927.094475	28.379602	0.003809	7.451536	243
4928.158534	26.120020	0.003813	6.850545	244
4929.167119	28.395084	0.003815	7.442871	245
4930.237202	26.132402	0.003824	6.834666	246
4931.243212	28.593603	0.003816	7.492835	247
4932.315240	25.965868	0.003806	6.821833	248
4933.319237	29.290007	0.003819	7.669857	249
4934.389307	26.141718	0.003812	6.858245	250
4935.398283	29.525953	0.003813	7.742566	251
4936.460248	26.131168	0.003817	6.845784	252
4937.480286	29.007425	0.003806	7.621594	253
4938.530400	26.771532	0.003829	6.991501	254
4939.565345	28.705221	0.003820	7.513796	255
4940.603921	27.245989	0.003816	7.139052	0
4941.639639	29.081787	0.003803	7.646101	1
4942.684032	27.799091	0.003828	7.262088	2
4943.712980	29.081644	0.003823	7.607791	3
4944.766988	27.008753	0.003808	7.092339	4
4945.781447	29.845650	0.003817	7.819258	5
4946.847521	27.364538	0.003835	7.136325	6
4947.854081	29.932297	0.003820	7.836428	7
4948.928115	26.970148	0.003827	7.047383	8
4949.930669	30.160494	0.003834	7.866002	9
4951.000710	27.008198	0.003814	7.082156	10
4952.010681	29.911833	0.003811	7.848424	11
4953.072655	26.909100	0.003800	7.081282	12
4954.092626	30.615675	0.003807	8.042527	13
4955.142718	27.393314	0.003809	7.192670	14
4956.172860	29.824526	0.003812	7.824752	15
4957.216954	27.930595	0.003834	7.285613	16
4958.252990	29.867962	0.003827	7.803524	17
4959.293074	28.567839	0.003822	7.475008	18
4960.331158	29.851194	0.003822	7.810555	19
4961.370158	28.385418	0.003827	7.417833	20
4962.404665	29.961876	0.003807	7.870064	21
4963.444757	28.017988	0.003817	7.340770	22
4964.480787	29.986305	0.003811	7.868037	23
4965.525792	28.040062	0.003809	7.362435	24
4966.554726	30.485962	0.003810	8.001319	25
4967.604815	27.812214	0.003821	7.278711	26
4968.630840	30.781122	0.003825	8.047638	27
4969.685637	28.074903	0.003818	7.353411	28
4970.699203	30.818275	0.003801	8.106941	29
4971.769460	27.807581	0.003819	7.281906	30
4972.774022	31.274979	0.003810	8.208193	31
4973.844388	27.712454	0.003805	7.282771	32
4974.850624	30.824709	0.003814	8.081936	33
4975.919169	28.701143	0.003835	7.484393	34
4976.933183	30.518753	0.003814	8.002386	35
4977.993202	34.470146	0.003802	9.065835	36
4979.013797	30.467066	0.003832	7.951729	37
4980.061845	29.236355	0.003815	7.663169	38
4981.096412	30.502878	0.003812	8.002575	39
4982.135007	29.371628	0.003823	7.683455	40
4983.171878	30.582367	0.003808	8.030524	41
4984.211945	29.027401	0.003822	7.594464	42
4985.246530	31.308275	0.003828	8.178827	43
4986.292518	28.649824	0.003812	7.516138	44
4987.320589	31.144079	0.003804	8.186386	45
4988.374509	28.426058	0.003812	7.457313	46
4989.388199	31.884516	0.003823	8.339092	47
4990.458092	28.434231	0.003816	7.451004	48
4991.464644	31.992840	0.003828	8.358608	49
4992.532605	28.734255	0.003808	7.546569	50
4993.540703	31.914522	0.003826	8.341391	51
4994.609204	28.953199	0.003815	7.589357	52
4995.615183	31.962219	0.003805	8.400245	53
4996.689756	28.755840	0.003816	7.535156	54
4997.694699	31.877907	0.003807	8.374399	55
4998.762528	28.726931	0.003807	7.545278	56
4999.769638	32.045471	0.003818	8.393211	57
5000.839681	29.139601	0.003819	7.630949	58
5001.849724	32.224339	0.003808	8.461999	59
5002.912297	29.092573	0.003827	7.601451	60
5003.930325	31.852268	0.003804	8.374292	61
5004.987525	30.175516	0.003811	7.918384	62
5006.010920	31.720062	0.003808	8.329675	63
5007.057452	29.861687	0.003820	7.817416	64
5008.091541	31.600321	0.003809	8.295451	65
5009.131526	30.282570	0.003818	7.930799	66
5010.171564	31.692663	0.003823	8.289780	67
5011.209665	30.470072	0.003820	7.977015	68
5012.243684	31.898903	0.003825	8.340516	69
5013.288233	30.867847	0.003819	8.081790	70
5014.314768	32.015495	0.003813	8.396411	71
5015.368818	30.462254	0.003837	7.939638	72
5016.387720	32.282265	0.003811	8.471808	73
5017.452763	29.935383	0.003812	7.852138	74
5018.460752	32.446941	0.003799	8.540568	75
5019.528875	29.952013	0.003819	7.843153	76
5020.538878	37.643181	0.003806	9.890654	77
5021.609439	29.730028	0.003808	7.806875	78
5022.613942	32.890381	0.003808	8.638146	79
5023.681593	30.008913	0.003809	7.877927	80
5024.691973	33.638184	0.003820	8.806709	81
5025.758013	30.003563	0.003820	7.853682	82
5026.774590	32.760681	0.003807	8.606186	83
5027.831147	30.201897	0.003821	7.904295	84
5028.853188	32.975609	0.003813	8.647206	85
5029.901674	30.479902	0.003811	7.997719	86
5030.931776	32.917286	0.003815	8.628543	87
5031.976316	30.609085	0.003809	8.035240	88
5033.008187	32.779522	0.003811	8.601004	89
5034.054366	30.919819	0.003828	8.076844	90
5035.086402	33.144287	0.003818	8.681251	91
5036.130494	30.782520	0.003822	8.055002	92
5037.163009	32.669876	0.003801	8.595300	93
5038.209507	30.589685	0.003815	8.017594	94
5039.233512	33.737652	0.003817	8.839929	95
5040.291606	30.387211	0.003814	7.967005	96
5041.309621	33.176083	0.003811	8.705279	97
5042.369645	30.703184	0.003823	8.032193	98
5043.383703	33.685410	0.003811	8.838699	99
5044.449788	30.419825	0.003807	7.991060	100
5045.457732	33.595264	0.003806	8.825964	101
5046.523786	30.740118	0.003816	8.055545	102
5047.536398	33.449249	0.003809	8.781816	103
5048.602259	30.715109	0.003801	8.080914	104
5049.614470	33.391685	0.003818	8.745095	105
5050.674254	31.162636	0.003812	8.175570	106
5051.692915	33.733391	0.003810	8.854419	107
5052.749047	31.702398	0.003829	8.280195	108
5053.773080	33.033546	0.003811	8.667516	109
5054.821172	32.082615	0.003832	8.373359	110
5055.855156	32.911179	0.003820	8.615854	111
5056.893676	32.184906	0.003817	8.432981	112
5057.934290	33.634380	0.003828	8.786427	113
5058.968263	32.280914	0.003822	8.447074	114
5060.009189	33.156677	0.003812	8.698326	115
5061.049273	31.998259	0.003820	8.375868	116
5062.085806	33.706631	0.003858	8.736472	117
5063.128542	31.603996	0.003802	8.311557	118
5064.157777	33.568855	0.003812	8.805781	119
5065.207836	31.747824	0.003816	8.319366	120
5066.230343	34.769382	0.003819	9.104195	121
5067.286338	31.363857	0.003813	8.225416	122
5068.306434	33.729633	0.003820	8.830814	123
5069.366442	31.003807	0.003824	8.108056	124
5070.383039	33.658527	0.003829	8.790557	125
5071.445617	30.777744	0.003805	8.089471	126
5072.456130	33.689205	0.003812	8.838728	127
5073.522761	31.014433	0.003830	8.096723	128
5074.535341	33.753704	0.003826	8.821173	129
5075.596203	31.013153	0.003809	8.142772	130
5076.610825	33.707211	0.003813	8.839280	131
5077.672915	30.986803	0.003799	8.155722	132
5078.690934	33.567192	0.003811	8.808498	133
5079.744883	31.348843	0.003809	8.230183	134
5080.771078	33.623577	0.003830	8.778179	135
5081.821120	31.784990	0.003819	8.322669	136
5082.855196	32.861614	0.003804	8.638976	137
5083.891298	32.264549	0.003833	8.418623	138
5084.931096	32.833767	0.003808	8.623438	139
5085.969424	32.027283	0.003801	8.427119	140
5087.009272	32.865932	0.003810	8.626163	141
5088.043433	32.302925	0.003813	8.470769	142
5089.083526	33.417000	0.003821	8.746650	143
5090.123346	32.267967	0.003808	8.474383	144
5091.157506	33.450256	0.003827	8.740230	145
5092.202110	32.064495	0.003808	8.420083	146
5093.232213	39.957340	0.003825	10.445499	147
5094.282729	32.014107	0.003823	8.374751	148
5095.308779	33.330452	0.003808	8.753093	149
5096.361290	31.772144	0.003809	8.340828	150
5097.379913	34.078510	0.003818	8.924785	151
5098.439925	31.750902	0.003814	8.325877	152
5099.456277	34.097717	0.003810	8.949360	153
5100.520504	31.572979	0.003811	8.284515	154
5101.533105	34.958012	0.003828	9.132628	155
5102.594953	31.657242	0.003806	8.317979	156
5103.607170	34.540810	0.003819	9.043653	157
5104.672840	31.856411	0.003806	8.371091	158
5105.683185	34.767628	0.003816	9.111305	159
5106.748121	32.067486	0.003815	8.406588	160
5107.762179	34.418266	0.003813	9.027025	161
5108.825131	31.960722	0.003811	8.386568	162
5109.837677	34.556164	0.003813	9.062729	163
5110.899655	32.299648	0.003817	8.462436	164
5111.915665	34.463085	0.003811	9.043216	165
5112.977770	32.109997	0.003816	8.414096	166
