time (s)	coil I (A)	last det (V)	int current (uC)
3713.414341	0.651728	122.851562	300.097656
3713.416342	0.804715	122.851562	300.097656
3713.418344	0.803191	8.835097	0.772265
3714.442334	0.799666	406.152344	-70.312500
3714.444339	0.802743	406.152344	-70.312500
3714.446340	0.801031	8.811337	0.619824
3715.484419	0.386716	129.589844	282.812500
3715.486421	0.689818	129.589844	282.812500
3715.488420	0.805428	129.589844	282.812500
3715.490418	0.802912	8.832031	0.317547
3716.535395	0.520592	402.343750	-66.796875
3716.537397	0.775138	402.343750	-66.796875
3716.539397	0.803316	402.343750	-66.796875
3716.541397	0.801293	8.814226	0.242427
3717.569465	0.801852	115.722656	312.304687
3717.571468	0.803071	8.833776	0.613190
3718.609483	0.359672	402.636719	-68.945312
3718.613483	0.805787	402.636719	-68.945312
3718.615483	0.803627	402.636719	-68.945312
3718.617484	0.801976	8.821733	0.343713
3719.633542	0.486669	129.687500	286.816406
3719.635545	0.758476	129.687500	286.816406
3719.637544	0.803348	129.687500	286.816406
3719.639545	0.801161	8.812774	0.359598
3720.683563	0.511216	374.707031	-71.191406
3720.685570	0.770652	374.707031	-71.191406
3720.687571	0.803053	374.707031	-71.191406
3720.689572	0.800991	8.810903	0.262314
3721.729611	0.359652	120.117187	307.226562
3721.731613	0.666246	120.117187	307.226562
3721.733614	0.804783	120.117187	307.226562
3721.735613	0.802751	8.830258	0.253927
3722.755640	0.630096	402.050781	-68.066406
3722.757640	0.802007	402.050781	-68.066406
3722.759641	0.802091	8.823000	0.318205
3723.799693	1.598548	121.093750	304.296875
3723.801694	0.790447	121.093750	304.296875
3723.803696	0.802764	121.093750	304.296875
3723.805694	0.800828	8.809105	0.430919
3724.837739	1.581639	404.687500	-66.796875
3724.839742	0.631513	404.687500	-66.796875
3724.841740	0.803316	404.687500	-66.796875
3724.843741	0.803186	8.835044	0.300536
3725.873768	0.320914	116.210937	314.453125
3725.875768	0.630334	116.210937	314.453125
3725.877770	0.803307	116.210937	314.453125
3725.879769	0.803372	8.837091	0.225905
3726.919835	0.448437	402.148437	-67.675781
3726.921836	0.735444	402.148437	-67.675781
3726.923837	0.803955	402.148437	-67.675781
3726.925836	0.801503	8.816531	0.309729
3727.948396	0.599904	122.753906	303.125000
3727.950400	0.798446	122.753906	303.125000
3727.952399	0.802376	122.753906	303.125000
3727.954405	0.800554	8.806091	0.327262
3728.990925	0.296923	383.886719	-71.582031
3728.992933	0.607278	383.886719	-71.582031
3728.994932	0.801045	383.886719	-71.582031
3728.996932	0.803891	383.886719	-71.582031
3728.998930	0.802016	8.822176	0.316734
3730.032946	0.589906	117.480469	313.769531
3730.034947	0.796755	117.480469	313.769531
3730.038948	0.800823	117.480469	313.769531
3730.040948	0.799530	8.794827	0.258442
3731.061036	0.312644	391.113281	-68.750000
3731.063041	0.622276	391.113281	-68.750000
3731.065044	0.802501	391.113281	-68.750000
3731.067049	0.803192	8.835114	0.266069
3732.109117	0.594052	122.167969	301.074219
3732.111120	0.797408	122.167969	301.074219
3732.113119	0.802410	122.167969	301.074219
3732.115119	0.800661	8.807270	0.546262
3733.139156	0.804457	405.664062	-67.382812
3733.141157	0.801932	405.664062	-67.382812
3733.145156	0.799294	8.792231	0.347569
3734.181187	1.297619	117.578125	309.960937
3734.183190	0.698707	117.578125	309.960937
3734.185189	0.805011	117.578125	309.960937
3734.187190	0.802358	8.825942	0.282839
3735.215245	0.449744	396.679687	-64.257812
3735.217247	0.736487	396.679687	-64.257812
3735.219246	0.804237	396.679687	-64.257812
3735.221247	0.801720	8.818915	0.284661
3736.257303	0.548274	117.089844	308.789062
3736.259300	0.786038	117.089844	308.789062
3736.261301	0.803432	117.089844	308.789062
3736.265300	0.800242	8.802662	0.265654
3737.299344	0.804315	402.441406	-64.160156
3737.301347	0.801936	8.821299	0.288977
3738.327407	0.482376	122.167969	295.800781
3738.329409	0.755865	122.167969	295.800781
3738.331408	0.803087	122.167969	295.800781
3738.333410	0.800851	8.809361	0.286338
3739.379403	0.496544	396.972656	-63.671875
3739.381405	0.763629	396.972656	-63.671875
3739.383406	0.803477	396.972656	-63.671875
3739.385404	0.801289	8.814182	0.283373
3740.415431	0.419096	113.085937	319.824219
3740.417434	0.714984	113.085937	319.824219
3740.419433	0.804262	113.085937	319.824219
3740.421434	0.801663	8.818295	0.260827
3741.453483	0.491067	404.199219	-62.695312
3741.455484	0.760633	404.199219	-62.695312
3741.457486	0.803225	404.199219	-62.695312
3741.459486	0.801024	8.811267	0.292021
3742.485520	0.751514	113.183594	320.507812
3742.487523	0.803638	113.183594	320.507812
3742.489523	0.801266	8.813926	0.256847
3743.527575	0.605003	407.519531	-63.476562
3743.529576	0.799307	407.519531	-63.476562
3743.531574	0.802542	407.519531	-63.476562
3743.533576	0.800753	8.808280	0.563378
3744.560077	0.457819	116.503906	312.695312
3744.562080	0.741378	116.503906	312.695312
3744.564080	0.803477	116.503906	312.695312
3744.566081	0.801044	8.811480	0.267890
3745.604112	0.468240	405.175781	-64.257812
3745.606114	0.748066	405.175781	-64.257812
3745.608114	0.803950	405.175781	-64.257812
3745.610115	0.801525	8.816779	0.295622
3746.648666	0.518803	115.039062	318.945312
3746.650669	0.773823	115.039062	318.945312
3746.652669	0.802761	115.039062	318.945312
3746.654669	0.800681	8.807491	0.270998
3747.674699	0.437964	393.066406	-61.718750
3747.676702	0.728436	393.066406	-61.718750
3747.678702	0.803857	393.066406	-61.718750
3747.680701	0.801370	8.815068	0.316231
3748.719226	0.405310	119.433594	309.375000
3748.721226	0.704590	119.433594	309.375000
3748.723229	0.805103	119.433594	309.375000
3748.725228	0.802369	8.826057	0.273607
3749.749788	0.625884	392.285156	-66.601562
3749.753788	0.802735	392.285156	-66.601562
3749.755790	0.801096	8.812056	0.658962
3750.803830	0.445295	113.183594	326.660156
3750.805831	0.733433	113.183594	326.660156
3750.807832	0.803923	113.183594	326.660156
3750.809834	0.801455	8.816008	0.253827
3751.837921	0.691485	385.253906	-66.601562
3751.839922	0.804544	385.253906	-66.601562
3751.841923	0.802001	8.822008	0.277847
3752.866451	0.328616	113.476562	329.101562
3752.868453	0.637477	113.476562	329.101562
3752.870455	0.803541	113.476562	329.101562
3752.872455	0.803051	8.833564	0.295150
3753.912509	0.455402	383.984375	-64.355469
3753.914511	0.739910	383.984375	-64.355469
3753.916512	0.803478	383.984375	-64.355469
3753.920510	0.799663	8.796289	0.262508
3754.944618	0.799965	111.035156	329.199219
3754.946620	0.802721	111.035156	329.199219
3754.948619	0.800965	8.810619	0.257644
3755.994708	0.277215	396.777344	-60.742187
3755.996710	0.588321	396.777344	-60.742187
3755.998710	0.796400	396.777344	-60.742187
3756.000715	0.802571	396.777344	-60.742187
3756.002710	0.800753	8.808280	0.273513
3757.022741	0.507748	113.183594	322.070312
3757.024745	0.768838	113.183594	322.070312
3757.026746	0.802851	113.183594	322.070312
3757.028746	0.800739	8.808129	0.276401
3758.060808	0.751419	397.656250	-60.742187
3758.066811	0.799717	397.656250	-60.742187
3758.068815	0.798728	8.786009	0.290672
3759.108854	0.659970	116.015625	318.554687
3759.110856	0.803525	116.015625	318.554687
3759.112856	0.801751	8.819261	0.241438
3760.133810	0.491441	392.968750	-64.746094
3760.135812	0.760507	392.968750	-64.746094
3760.137811	0.802616	392.968750	-64.746094
3760.139812	0.800429	8.804718	0.270278
3761.184773	0.623487	110.253906	335.546875
3761.190773	0.800497	110.253906	335.546875
3761.192774	0.799314	8.792452	0.638553
3762.216801	0.638401	393.066406	-66.308594
3762.218812	0.802956	393.066406	-66.308594
3762.220809	0.802317	8.825482	0.284440
3763.249390	0.540140	112.011719	334.765625
3763.251393	0.782714	112.011719	334.765625
3763.253393	0.803006	112.011719	334.765625
3763.255391	0.800982	8.810797	0.272921
3764.301431	0.483933	388.281250	-61.132812
3764.303434	0.756872	388.281250	-61.132812
3764.305437	0.803353	388.281250	-61.132812
3764.307440	0.801151	8.812658	0.259806
3765.325485	0.374528	111.425781	329.394531
3765.327487	0.679110	111.425781	329.394531
3765.329487	0.804109	111.425781	329.394531
3765.331492	0.801914	8.821051	0.252288
3766.377561	0.804359	401.074219	-59.472656
3766.379563	0.801788	401.074219	-59.472656
3766.381562	0.800407	8.804479	0.284165
3767.403644	0.367277	110.937500	332.031250
3767.405646	0.672885	110.937500	332.031250
3767.407647	0.804490	110.937500	332.031250
3767.409647	0.802333	8.825667	0.271312
3768.443703	0.475144	402.929687	-60.351562
3768.445703	0.751772	402.929687	-60.351562
3768.447704	0.803074	402.929687	-60.351562
3768.449702	0.800808	8.808883	0.274935
3769.489743	0.400032	112.890625	329.882812
3769.491745	0.700433	112.890625	329.882812
3769.493746	0.805592	112.890625	329.882812
3769.495745	0.802874	8.831614	0.251413
3770.515821	0.403721	387.207031	-59.960937
3770.517824	0.703249	387.207031	-59.960937
3770.519825	0.804756	387.207031	-59.960937
3770.521823	0.804695	8.851644	0.277637
3771.565853	0.665943	115.625000	322.363281
3771.567854	0.803856	115.625000	322.363281
3771.569855	0.801927	8.821192	0.272085
3772.594433	0.428366	380.371094	-62.207031
3772.596435	0.721525	380.371094	-62.207031
3772.598435	0.803644	380.371094	-62.207031
3772.600435	0.801164	8.812809	0.273768
3773.640465	0.468133	109.082031	342.187500
3773.642466	0.747807	109.082031	342.187500
3773.644466	0.803591	109.082031	342.187500
3773.646467	0.801256	8.813819	0.261200
3774.678500	0.784781	380.566406	-62.792969
3774.680504	0.803234	380.566406	-62.792969
3774.682501	0.801280	8.814085	0.303230
3775.714526	0.785038	112.890625	334.667969
3775.716528	0.803202	112.890625	334.667969
3775.718529	0.801193	8.813119	0.306822
3776.757121	0.760970	392.675781	-64.257812
3776.759122	0.802739	392.675781	-64.257812
3776.761125	0.800629	8.806924	0.261742
3777.787143	0.584415	114.843750	330.566406
3777.789146	0.795811	114.843750	330.566406
3777.791143	0.802827	114.843750	330.566406
3777.793144	0.801006	8.811071	0.270440
3778.831750	0.524055	395.996094	-63.476562
3778.833751	0.776151	395.996094	-63.476562
3778.835753	0.802760	395.996094	-63.476562
3778.837756	0.800779	8.808573	0.261645
3779.861794	0.351478	110.644531	340.234375
3779.863797	0.367703	110.644531	340.234375
3779.867795	0.802701	110.644531	340.234375
3779.869797	0.801050	8.811550	0.266290
3780.913849	0.794017	379.785156	-60.449219
3780.915851	0.802354	379.785156	-60.449219
3780.917850	0.800532	8.805852	0.436753
3781.941902	0.779938	113.867187	331.152344
3781.943906	0.802740	113.867187	331.152344
3781.945904	0.800734	8.808077	0.275711
3782.982493	0.479202	394.824219	-63.671875
3782.984494	0.754202	394.824219	-63.671875
3782.986494	0.803303	394.824219	-63.671875
3782.988496	0.800991	8.810903	0.268154
3784.019487	0.509488	109.082031	344.042969
3784.021487	0.769620	109.082031	344.042969
3784.023486	0.802764	109.082031	344.042969
3784.025488	0.800678	8.807455	0.257781
3785.057574	0.431819	384.960937	-61.718750
3785.059574	0.724021	384.960937	-61.718750
3785.061574	0.803589	384.960937	-61.718750
3785.063574	0.801102	8.812126	0.268260
3786.097654	0.503924	109.765625	341.894531
3786.099655	0.766956	109.765625	341.894531
3786.101654	0.802750	109.765625	341.894531
3786.103656	0.800688	8.807571	0.258793
3787.131710	0.476083	376.660156	-59.863281
3787.133713	0.752356	376.660156	-59.863281
3787.135712	0.803490	376.660156	-59.863281
3787.137712	0.801239	8.813633	0.265301
3788.177804	0.448686	113.085937	331.835937
3788.179810	0.735526	113.085937	331.835937
3788.181805	0.745671	113.085937	331.835937
3788.183808	0.801160	8.812756	0.259371
3789.210746	0.803262	380.273437	-58.105469
3789.212750	0.801117	380.273437	-58.105469
3789.214750	0.799838	8.798222	0.269106
3790.252809	0.427925	113.574219	330.273437
3790.254811	0.721196	113.574219	330.273437
3790.256811	0.803863	113.574219	330.273437
3790.258811	0.801351	8.814856	0.257389
3791.283762	0.552117	395.117187	-57.226562
3791.285765	0.786792	395.117187	-57.226562
3791.287767	0.802771	395.117187	-57.226562
3791.289769	0.800853	8.809380	0.329135
3792.329815	0.558207	106.542969	345.996094
3792.331819	0.788594	106.542969	345.996094
3792.333820	0.802688	106.542969	345.996094
3792.335819	0.800840	8.809237	0.251825
3793.365891	2.244877	398.632812	-56.445312
3793.367891	0.776531	398.632812	-56.445312
3793.369893	0.803158	398.632812	-56.445312
3793.371892	0.801060	8.811656	0.268893
3794.397986	0.510319	108.789062	337.011719
3794.399989	0.770387	108.789062	337.011719
3794.401987	0.803368	108.789062	337.011719
3794.403989	0.801216	8.813376	0.252732
3795.446563	0.392009	407.714844	-59.179687
3795.448563	0.693888	407.714844	-59.179687
3795.450563	0.805210	407.714844	-59.179687
3795.452564	0.802700	8.829700	0.262405
3796.473544	0.652210	105.273437	350.195312
3796.475544	0.803530	105.273437	350.195312
3796.477544	0.802167	8.823842	0.264898
3797.521575	0.251221	396.777344	-60.351562
3797.523577	0.563312	396.777344	-60.351562
3797.525578	0.790020	396.777344	-60.351562
3797.527576	0.802403	396.777344	-60.351562
3797.529577	0.802342	8.825757	0.266508
3798.552114	0.394248	107.421875	349.804687
3798.554113	0.695568	107.421875	349.804687
3798.556113	0.804787	107.421875	349.804687
3798.560113	0.800693	8.807624	0.261988
3799.592159	0.499805	376.171875	-59.472656
3799.594162	0.765213	376.171875	-59.472656
3799.596160	0.803240	376.171875	-59.472656
3799.598160	0.801134	8.812472	0.251763
3800.638210	0.725848	110.546875	337.597656
3800.640211	0.803991	110.546875	337.597656
3800.642209	0.801417	8.815582	0.252373
3801.666807	0.694632	380.957031	-56.445312
3801.668809	0.804070	380.957031	-56.445312
3801.670809	0.801637	8.818011	0.271039
3802.710848	0.316517	112.597656	332.812500
3802.712851	0.625886	112.597656	332.812500
3802.714852	0.801413	112.597656	332.812500
3802.716852	0.801923	8.821148	0.257244
3803.742855	0.368922	401.660156	-55.664062
3803.744857	0.674235	401.660156	-55.664062
3803.746856	0.805134	401.660156	-55.664062
3803.748859	0.805165	8.856819	0.265851
3804.784933	0.510863	105.175781	349.121094
3804.786934	0.522339	105.175781	349.121094
3804.788934	0.803063	105.175781	349.121094
3804.790934	0.801028	8.811311	0.234873
3805.826981	0.530501	402.539062	-55.957031
3805.828984	0.778774	402.539062	-55.957031
3805.830984	0.802666	402.539062	-55.957031
3805.832982	0.800686	8.807545	0.262306
3806.857053	0.777255	102.441406	355.371094
3806.859056	0.802471	102.441406	355.371094
3806.861056	0.800542	8.805967	0.258984
3807.907121	0.702067	404.296875	-58.398437
3807.909120	0.803797	404.296875	-58.398437
3807.911122	0.801322	8.814537	0.253951
3808.932098	0.546003	102.246094	358.300781
3808.934099	0.784661	102.246094	358.300781
3808.936102	0.802783	102.246094	358.300781
3808.938102	0.802707	8.829780	0.283660
3809.982164	0.458602	397.656250	-59.277344
3809.984169	0.742089	397.656250	-59.277344
3809.986166	0.803658	397.656250	-59.277344
3809.988168	0.801177	8.812950	0.255088
3811.010161	0.482889	103.613281	358.203125
3811.012164	0.756152	103.613281	358.203125
3811.014165	0.803190	103.613281	358.203125
3811.016164	0.800923	8.810150	0.259636
3812.052216	0.424400	379.101562	-58.886719
3812.054217	0.719022	379.101562	-58.886719
3812.056217	0.805134	379.101562	-58.886719
3812.058217	0.802449	8.826935	0.266296
3813.092292	0.745837	108.593750	345.996094
3813.094292	0.803398	108.593750	345.996094
3813.098293	0.799666	8.796325	0.247493
3814.126864	0.309245	381.835937	-58.300781
3814.128870	0.618930	381.835937	-58.300781
3814.130869	0.801175	381.835937	-58.300781
3814.132870	0.802272	8.824994	0.257797
3815.170891	0.757276	104.199219	356.152344
3815.172897	0.803365	104.199219	356.152344
3815.174899	0.801177	8.812950	0.250553
3816.202926	0.742473	391.406250	-59.082031
3816.204927	0.803559	391.406250	-59.082031
3816.206926	0.801152	8.812675	0.250259
3817.247951	0.610246	109.472656	342.382812
3817.249950	0.800223	109.472656	342.382812
3817.251951	0.801964	109.472656	342.382812
3817.253950	0.800197	8.802165	0.557896
3818.277960	0.478664	376.562500	-56.445312
3818.279962	0.753662	376.562500	-56.445312
3818.281963	0.802905	376.562500	-56.445312
3818.283962	0.800661	8.807270	0.256236
3819.324048	0.528303	105.664062	351.464844
3819.326051	0.777774	105.664062	351.464844
3819.328051	0.802541	105.664062	351.464844
3819.330051	0.800534	8.805869	0.241598
3820.356069	0.618060	382.714844	-56.835937
3820.358067	0.801073	382.714844	-56.835937
3820.360068	0.802296	8.825252	0.247968
3821.398114	0.279722	108.300781	346.289062
3821.402115	0.796613	108.300781	346.289062
3821.404116	0.802362	108.300781	346.289062
3821.406117	0.800533	8.805861	0.256409
3822.430728	0.426718	390.332031	-57.812500
3822.432728	0.720321	390.332031	-57.812500
3822.434729	0.803572	390.332031	-57.812500
3822.436731	0.801099	8.812091	0.252977
3823.475678	0.721578	107.519531	349.707031
3823.477679	0.804413	107.519531	349.707031
3823.479679	0.801790	8.819695	0.243406
3824.510257	0.511240	379.589844	-56.640625
3824.512258	0.770343	379.589844	-56.640625
3824.516257	0.800539	379.589844	-56.640625
3824.518259	0.800501	8.805507	0.256350
3825.548357	0.514479	103.515625	361.621094
3825.550358	0.771600	103.515625	361.621094
3825.552358	0.802362	103.515625	361.621094
3825.554358	0.800343	8.803778	0.253674
3826.588448	0.351051	391.796875	-58.203125
3826.590450	0.658195	391.796875	-58.203125
3826.592450	0.803096	391.796875	-58.203125
3826.594451	0.801413	8.815538	0.249558
3827.621380	0.426942	104.882812	356.542969
3827.623382	0.720581	104.882812	356.542969
3827.625382	0.803893	104.882812	356.542969
3827.627381	0.801355	8.814909	0.247599
3828.667447	0.551803	391.699219	-55.664062
3828.669448	0.786451	391.699219	-55.664062
3828.671447	0.802641	391.699219	-55.664062
3828.673451	0.800638	8.807013	0.306595
3829.693546	0.362451	104.003906	355.859375
3829.695546	0.668466	104.003906	355.859375
3829.697546	0.804025	104.003906	355.859375
3829.699545	0.801965	8.821617	0.250509
3830.747571	0.764791	397.363281	-54.589844
3830.749574	0.802460	397.363281	-54.589844
3830.751573	0.800378	8.804159	0.248742
3831.773656	0.576728	104.003906	352.734375
3831.777657	0.802228	104.003906	352.734375
3831.779659	0.800385	104.003906	352.734375
3831.781660	0.799096	8.790059	0.240217
3832.820229	0.544704	399.902344	-53.027344
3832.822231	0.784492	399.902344	-53.027344
3832.824231	0.803183	399.902344	-53.027344
3832.826231	0.801184	8.813022	0.278256
3833.852302	0.525762	108.300781	344.140625
3833.854303	0.776781	108.300781	344.140625
3833.856304	0.802548	108.300781	344.140625
3833.858304	0.800551	8.806065	0.240647
3834.892364	0.775420	390.917969	-52.148437
3834.894365	0.777981	390.917969	-52.148437
3834.896365	0.800599	8.806587	0.249292
3835.936385	0.739335	105.273437	355.566406
3835.938387	0.803249	105.273437	355.566406
3835.940388	0.800857	8.809432	0.238546
3836.962457	0.449165	402.929687	-54.492187
3836.964461	0.735729	402.929687	-54.492187
3836.968459	0.800872	402.929687	-54.492187
3836.972458	0.798329	8.781622	0.253942
3838.012443	0.391298	106.054687	353.125000
3838.014446	0.693309	106.054687	353.125000
3838.016446	0.805394	106.054687	353.125000
3838.018447	0.802729	8.830019	0.240661
3839.040997	0.423666	383.789062	-55.761719
3839.042998	0.718114	383.789062	-55.761719
3839.045000	0.803559	383.789062	-55.761719
3839.046999	0.801036	8.811391	0.247119
3840.087050	0.696887	104.394531	359.667969
3840.089052	0.804211	104.394531	359.667969
3840.091051	0.801733	8.819065	0.242574
3841.123588	0.545359	379.882812	-55.273437
3841.125592	0.784253	379.882812	-55.273437
3841.127589	0.802553	379.882812	-55.273437
3841.129590	0.800600	8.806605	0.267609
3842.155631	0.600203	104.492187	359.667969
3842.157631	0.798856	104.492187	359.667969
3842.159633	0.802737	104.492187	359.667969
3842.161634	0.800957	8.810522	0.523100
3843.202170	0.325069	387.695312	-53.906250
3843.204173	0.634110	387.695312	-53.906250
3843.206172	0.803501	387.695312	-53.906250
3843.208173	0.803164	8.834805	0.245739
3844.230199	0.474067	102.246094	362.109375
3844.232199	0.751200	102.246094	362.109375
3844.234199	0.803324	102.246094	362.109375
3844.238198	0.799610	8.795713	0.234603
3845.282229	0.765175	404.785156	-53.515625
3845.284230	0.802795	404.785156	-53.515625
3845.286231	0.800686	8.807545	0.239238
3846.310801	0.739185	102.343750	358.789062
3846.312803	0.803038	102.343750	358.789062
3846.314800	0.800663	8.807296	0.236857
3847.353399	0.551832	407.812500	-53.417969
3847.355406	0.786110	407.812500	-53.417969
3847.357407	0.802131	407.812500	-53.417969
3847.359409	0.800280	8.803078	0.297492
3848.385974	0.334571	104.101562	354.687500
3848.387977	0.642976	104.101562	354.687500
3848.389978	0.802108	104.101562	354.687500
3848.391977	0.801210	8.813313	0.235364
3849.428552	0.803742	410.644531	-53.222656
3849.432551	0.800024	410.644531	-53.222656
3849.434553	0.798852	8.787374	0.255330
3850.468574	0.616787	104.492187	355.175781
3850.470570	0.800062	104.492187	355.175781
3850.472572	0.801437	8.815804	0.236875
3851.499114	0.364329	391.113281	-51.367187
3851.501117	0.669987	391.113281	-51.367187
3851.503116	0.804368	391.113281	-51.367187
3851.505117	0.802250	8.824755	0.248835
3852.545149	0.485867	104.492187	354.882812
3852.547152	0.757710	104.492187	354.882812
3852.549152	0.803055	104.492187	354.882812
3852.551151	0.800872	8.809591	0.231944
3853.572135	0.271730	402.148437	-53.417969
3853.574138	0.582817	402.148437	-53.417969
3853.576138	0.794476	402.148437	-53.417969
3853.578138	0.801910	402.148437	-53.417969
3853.580135	0.800020	8.800215	0.251605
3854.622698	0.502999	102.050781	362.500000
3854.624701	0.766275	102.050781	362.500000
3854.626699	0.802513	102.050781	362.500000
3854.628699	0.800493	8.805427	0.232628
3855.650723	0.372861	383.984375	-51.562500
3855.652725	0.677621	383.984375	-51.562500
3855.654725	0.804558	383.984375	-51.562500
3855.656725	0.802291	8.825198	0.242389
3856.698782	0.490398	101.171875	364.257812
3856.700782	0.760264	101.171875	364.257812
3856.702784	0.803125	101.171875	364.257812
3856.704784	0.800897	8.809866	0.232341
3857.726816	0.481291	392.382812	-52.636719
3857.730816	0.802918	392.382812	-52.636719
3857.732817	0.800687	392.382812	-52.636719
3857.734819	0.799354	8.792894	0.242196
3858.774832	0.354669	101.171875	363.867187
3858.776834	0.661489	101.171875	363.867187
3858.778834	0.804194	101.171875	363.867187
3858.780833	0.802375	8.826128	0.238435
3859.804912	0.748413	393.066406	-52.832031
3859.806920	0.802923	393.066406	-52.832031
3859.808927	0.800607	8.806676	0.243583
3860.851502	0.628620	103.320312	357.519531
3860.853505	0.801083	103.320312	357.519531
3860.855503	0.801384	8.815228	0.641854
3861.882447	0.755710	386.718750	-51.953125
3861.884452	0.802896	386.718750	-51.953125
3861.886452	0.800614	8.806756	0.238758
3862.928537	0.740068	104.296875	355.664062
3862.930538	0.803704	104.296875	355.664062
3862.932538	0.801322	8.814537	0.232978
3863.957119	0.522936	386.914062	-50.781250
3863.959121	0.775538	386.914062	-50.781250
3863.961121	0.802722	386.914062	-50.781250
3863.963121	0.800700	8.807694	0.247283
3865.001175	0.459525	103.515625	358.203125
3865.003177	0.742528	103.515625	358.203125
3865.005178	0.803469	103.515625	358.203125
3865.007177	0.801110	8.812215	0.229781
3866.036167	0.533072	394.628906	-50.781250
3866.038170	0.779583	394.628906	-50.781250
3866.040170	0.802589	394.628906	-50.781250
3866.042170	0.800608	8.806684	0.236203
3867.074202	0.370486	97.851562	370.898437
3867.076203	0.675815	97.851562	370.898437
3867.078203	0.806872	97.851562	370.898437
3867.080203	0.804668	8.851351	0.231494
3868.114285	0.321945	397.851562	-51.171875
3868.116288	0.631056	397.851562	-51.171875
3868.118287	0.804371	397.851562	-51.171875
3868.120286	0.804431	8.848737	0.236535
3869.148359	0.457081	97.656250	372.167969
3869.150361	0.740757	97.656250	372.167969
3869.152363	0.803084	97.656250	372.167969
3869.154362	0.800658	8.807235	0.226469
3870.194422	0.423217	399.023437	-51.269531
3870.196422	0.717512	399.023437	-51.269531
3870.198423	0.803025	399.023437	-51.269531
3870.200422	0.800520	8.805718	0.239860
3871.224433	0.777617	95.800781	378.320312
3871.226434	0.802960	95.800781	378.320312
3871.228436	0.801019	8.811213	0.230336
3872.270493	0.287807	393.261719	-52.343750
3872.272493	0.598254	393.261719	-52.343750
3872.274493	0.797984	393.261719	-52.343750
3872.276491	0.802254	393.261719	-52.343750
3872.278493	0.800460	8.805063	0.235441
3873.300576	0.776531	102.148437	363.378906
3873.302578	0.802445	102.148437	363.378906
3873.304578	0.802359	8.825952	0.228609
3874.345529	0.394687	379.785156	-52.636719
3874.347532	0.408813	379.785156	-52.636719
3874.349532	0.807529	379.785156	-52.636719
3874.351532	0.805007	8.855073	0.239365
3875.377607	0.336519	97.460937	378.027344
3875.379609	0.644788	97.460937	378.027344
3875.381608	0.802762	97.460937	378.027344
3875.383608	0.801832	8.820147	0.236764
3876.415638	0.287569	373.535156	-53.515625
3876.417638	0.598028	373.535156	-53.515625
3876.419638	0.797899	373.535156	-53.515625
3876.421637	0.802297	373.535156	-53.515625
3876.423638	0.800515	8.805666	0.234674
3877.459691	0.382599	98.632812	371.679687
3877.461695	0.686050	98.632812	371.679687
3877.463695	0.804552	98.632812	371.679687
3877.465696	0.802138	8.823523	0.228272
3878.491741	0.635675	391.015625	-53.125000
3878.493741	0.802649	391.015625	-53.125000
3878.495742	0.802198	8.824180	0.664431
3879.536689	0.312192	97.167969	373.925781
3879.540690	0.801239	97.167969	373.925781
3879.542691	0.802157	97.167969	373.925781
3879.544692	0.800397	8.804363	0.234913
3880.564742	0.306061	394.238281	-51.171875
3880.566745	0.615784	394.238281	-51.171875
3880.568745	0.800061	394.238281	-51.171875
3880.570744	0.801523	8.816752	0.240539
3881.614814	0.767621	102.246094	359.863281
3881.616816	0.802106	102.246094	359.863281
3881.618817	0.799983	8.799816	0.225343
3882.648860	0.803141	389.746094	-49.609375
3882.650862	0.800847	389.746094	-49.609375
3882.652860	0.799301	8.792310	0.239376
3883.684934	0.436496	99.023437	368.359375
3883.686937	0.726998	99.023437	368.359375
3883.688936	0.802949	99.023437	368.359375
3883.690937	0.800459	8.805054	0.223302
3884.725021	0.470653	392.675781	-49.707031
3884.729020	0.802760	392.675781	-49.707031
3884.731023	0.800482	392.675781	-49.707031
3884.735021	0.797955	8.777510	0.231630
3885.759073	0.596976	93.652344	380.761719
3885.761076	0.797708	93.652344	380.761719
3885.765080	0.800479	93.652344	380.761719
3885.767083	0.799312	8.792434	0.222630
3886.803125	0.294062	394.042969	-50.585937
3886.805128	0.604239	394.042969	-50.585937
3886.807127	0.798999	394.042969	-50.585937
3886.809128	0.802294	394.042969	-50.585937
3886.811127	0.800563	8.806189	0.235666
3887.833162	0.554804	97.460937	371.777344
3887.835164	0.787239	97.460937	371.777344
3887.837166	0.802288	97.460937	371.777344
3887.839164	0.800353	8.803885	0.297055
3888.881188	0.433069	396.777344	-50.781250
3888.883189	0.724849	396.777344	-50.781250
3888.887189	0.801130	396.777344	-50.781250
3888.889189	0.799593	8.795527	0.231686
3889.907212	0.348972	96.582031	375.683594
3889.909214	0.656309	96.582031	375.683594
3889.911213	0.804071	96.582031	375.683594
3889.913212	0.802455	8.827006	0.228945
3890.959261	0.741251	393.457031	-50.976562
3890.961263	0.803146	393.457031	-50.976562
3890.963264	0.800740	8.808138	0.230400
3891.983775	0.410947	94.628906	383.300781
3891.985777	0.708579	94.628906	383.300781
3891.987777	0.803696	94.628906	383.300781
3891.989778	0.801169	8.812862	0.229177
3893.031833	0.288463	389.062500	-50.683594
3893.033833	0.598943	389.062500	-50.683594
3893.035835	0.797769	389.062500	-50.683594
3893.037833	0.801911	389.062500	-50.683594
3893.039834	0.800179	8.801970	0.231800
3894.061858	0.471857	96.484375	380.175781
3894.063860	0.749753	96.484375	380.175781
3894.065860	0.802949	96.484375	380.175781
3894.067860	0.800708	8.807793	0.225422
3895.109903	0.626438	395.800781	-51.464844
3895.111906	0.801191	395.800781	-51.464844
3895.113908	0.801666	8.818330	0.229977
3896.138464	0.617967	101.953125	366.015625
3896.140463	0.800230	101.953125	366.015625
3896.142460	0.801450	8.815955	0.231653
3897.185454	0.571902	393.847656	-51.464844
3897.187457	0.791704	393.847656	-51.464844
3897.189455	0.801706	393.847656	-51.464844
3897.191455	0.799858	8.798443	0.229626
3898.213996	0.404045	96.289062	380.175781
3898.215996	0.703286	96.289062	380.175781
3898.219994	0.802047	96.289062	380.175781
3898.221997	0.800594	8.806535	0.226573
3899.260059	0.330860	385.742187	-50.195312
3899.262061	0.639522	385.742187	-50.195312
3899.264060	0.802456	385.742187	-50.195312
3899.266061	0.801782	8.819597	0.226757
3900.290057	0.348808	97.656250	376.074219
3900.292059	0.656109	97.656250	376.074219
3900.294062	0.803555	97.656250	376.074219
3900.296059	0.801970	8.821671	0.221837
3901.336134	0.274510	383.691406	-49.609375
3901.338135	0.585445	383.691406	-49.609375
3901.340135	0.795091	383.691406	-49.609375
3901.342135	0.801906	383.691406	-49.609375
3901.344135	0.800036	8.800402	0.232788
3902.366168	0.578290	99.902344	368.847656
3902.368170	0.793755	99.902344	368.847656
3902.370170	0.802215	99.902344	368.847656
3902.372170	0.800368	8.804052	0.404452
3903.415142	0.599396	400.781250	-50.000000
3903.417146	0.798092	400.781250	-50.000000
3903.419152	0.802070	400.781250	-50.000000
3903.421156	0.800310	8.803406	0.498804
3904.441179	0.279867	94.042969	384.667969
3904.443180	0.590659	94.042969	384.667969
3904.445180	0.797110	94.042969	384.667969
3904.447181	0.802853	94.042969	384.667969
3904.449181	0.801097	8.812064	0.229475
3905.489203	0.312886	396.386719	-48.632812
3905.491206	0.622458	396.386719	-48.632812
3905.495203	0.802532	396.386719	-48.632812
3905.497204	0.800744	8.808183	0.230582
3906.519221	0.493675	99.023437	370.019531
3906.521222	0.762057	99.023437	370.019531
3906.523222	0.803162	99.023437	370.019531
3906.525223	0.801027	8.811302	0.223771
3907.563757	0.303861	406.347656	-48.925781
3907.565766	0.613627	406.347656	-48.925781
3907.567771	0.800248	406.347656	-48.925781
3907.569772	0.801959	406.347656	-48.925781
3907.571770	0.800187	8.802059	0.233959
3908.599791	0.749555	93.554687	385.253906
3908.601790	0.802953	93.554687	385.253906
3908.603791	0.800671	8.807376	0.213710
3909.637861	0.462267	395.507812	-47.753906
3909.641859	0.802892	395.507812	-47.753906
3909.643861	0.800613	395.507812	-47.753906
3909.645863	0.799155	8.790707	0.224251
3910.677969	0.498659	95.898437	380.761719
3910.679972	0.764183	95.898437	380.761719
3910.681972	0.802640	95.898437	380.761719
3910.683972	0.800504	8.805542	0.214483
3911.712006	0.662714	398.828125	-47.656250
3911.714007	0.803538	398.828125	-47.656250
3911.716008	0.801739	8.819127	0.226868
3912.758555	0.787649	100.781250	369.238281
3912.760557	0.802294	100.781250	369.238281
3912.762557	0.800423	8.804655	0.294335
3913.785518	0.528794	381.152344	-47.167969
3913.787522	0.777848	381.152344	-47.167969
3913.791518	0.800509	381.152344	-47.167969
3913.793521	0.799262	8.791884	0.224708
3914.833558	0.451086	95.214844	383.984375
3914.835561	0.736974	95.214844	383.984375
3914.837560	0.803202	95.214844	383.984375
3914.839558	0.800828	8.809105	0.216184
3915.863643	0.707433	370.996094	-48.339844
3915.865643	0.804519	370.996094	-48.339844
3915.867645	0.801909	8.820997	0.219002
3916.907696	0.416114	97.753906	377.539062
3916.911698	0.804246	97.753906	377.539062
3916.913699	0.801585	97.753906	377.539062
3916.915700	0.800172	8.801890	0.221861
3917.941737	0.617586	390.820312	-51.562500
3917.943738	0.799970	390.820312	-51.562500
3917.945737	0.801261	8.813872	0.220067
3918.979770	0.334604	97.070312	381.542969
3918.981772	0.642884	97.070312	381.542969
3918.985770	0.801426	97.070312	381.542969
3918.987772	0.799844	8.798284	0.221689
3920.019819	0.362312	377.539062	-49.804687
3920.021822	0.668284	377.539062	-49.804687
3920.023823	0.804475	377.539062	-49.804687
3920.025821	0.802512	8.827626	0.223945
3921.053817	0.600409	98.632812	376.171875
3921.055824	0.798612	98.632812	376.171875
3921.059827	0.800691	98.632812	376.171875
3921.061828	0.799441	8.793852	0.500600
3922.099925	0.608381	376.562500	-48.339844
3922.101925	0.800105	376.562500	-48.339844
3922.103926	0.802035	376.562500	-48.339844
3922.105925	0.800350	8.803849	0.531734
3923.127995	0.716435	96.777344	379.101562
3923.129997	0.803844	96.777344	379.101562
3923.131997	0.801280	8.814076	0.222811
3924.178087	0.713869	401.171875	-49.316406
3924.180091	0.804209	401.171875	-49.316406
3924.182090	0.801576	8.817337	0.222689
3925.203017	0.316960	91.894531	389.746094
3925.205019	0.626223	91.894531	389.746094
3925.207018	0.805416	91.894531	389.746094
3925.209020	0.806372	8.870094	0.216852
3926.251089	0.357894	387.695312	-47.167969
3926.253091	0.664373	387.695312	-47.167969
3926.255091	0.804447	387.695312	-47.167969
3926.257091	0.802506	8.827564	0.225207
3927.281126	0.341400	94.726562	381.445312
3927.283128	0.649207	94.726562	381.445312
3927.285128	0.803204	94.726562	381.445312
3927.287127	0.801911	8.821024	0.214613
3928.327162	0.542831	405.273437	-48.437500
3928.329164	0.783006	405.273437	-48.437500
3928.331164	0.802110	405.273437	-48.437500
3928.333164	0.800091	8.801004	0.224430
3929.357744	0.411277	99.023437	369.726562
3929.359743	0.708851	99.023437	369.726562
3929.361745	0.803925	99.023437	369.726562
3929.363744	0.801411	8.815520	0.219616
3930.399763	0.348727	403.222656	-47.851562
3930.401766	0.362596	403.222656	-47.851562
3930.403766	0.803710	403.222656	-47.851562
3930.405766	0.802147	8.823621	0.229682
3931.440323	0.793610	95.214844	380.078125
3931.442325	0.801900	95.214844	380.078125
3931.444325	0.801858	8.820439	0.397718
3932.474889	0.265826	403.125000	-47.851562
3932.476892	0.577049	403.125000	-47.851562
3932.478891	0.793275	403.125000	-47.851562
3932.480892	0.801950	403.125000	-47.851562
3932.482893	0.800075	8.800827	0.224444
3933.513505	0.391226	92.578125	388.476562
3933.515506	0.693135	92.578125	388.476562
3933.517505	0.804866	92.578125	388.476562
3933.521505	0.800830	8.809131	0.210870
3934.551531	0.423228	393.359375	-46.875000
3934.553533	0.717807	393.359375	-46.875000
3934.555533	0.803791	393.359375	-46.875000
3934.557534	0.801249	8.813740	0.218816
3935.589558	0.414326	99.511719	371.777344
3935.591559	0.710952	99.511719	371.777344
3935.593560	0.715571	99.511719	371.777344
3935.595559	0.801001	8.811009	0.211156
3936.629606	0.759379	402.832031	-47.167969
3936.631606	0.802855	402.832031	-47.167969
3936.633608	0.800637	8.807004	0.218073
3937.666113	0.475139	92.480469	391.406250
3937.668115	0.751641	92.480469	391.406250
3937.670116	0.802992	92.480469	391.406250
3937.672116	0.800787	8.808652	0.212745
3938.704142	1.342316	393.359375	-46.484375
3938.706144	0.784357	393.359375	-46.484375
3938.708144	0.802070	393.359375	-46.484375
3938.710144	0.800138	8.801517	0.263466
3939.740209	0.312698	93.554687	387.011719
3939.742215	0.622106	93.554687	387.011719
3939.746225	0.802304	93.554687	387.011719
3939.748225	0.800530	8.805825	0.211321
3940.784290	0.647621	400.390625	-47.070312
3940.786290	0.802194	400.390625	-47.070312
3940.788292	0.802379	8.826173	0.216776
3941.814808	0.390009	94.531250	383.105469
3941.816809	0.691922	94.531250	383.105469
3941.818809	0.804112	94.531250	383.105469
3941.820812	0.801728	8.819012	0.211946
3942.860884	0.633992	385.839844	-46.582031
3942.862885	0.802737	385.839844	-46.582031
3942.864885	0.802506	8.827564	0.656314
3943.888956	0.394991	95.800781	377.441406
3943.890959	0.696095	95.800781	377.441406
3943.892959	0.804971	95.800781	377.441406
3943.894959	0.802315	8.825464	0.210878
3944.937538	0.396447	397.363281	-48.339844
3944.939540	0.697699	397.363281	-48.339844
3944.941542	0.807238	397.363281	-48.339844
3944.943541	0.804634	8.850969	0.216573
3945.966090	0.582875	90.234375	392.285156
3945.968092	0.795173	90.234375	392.285156
3945.970092	0.802478	90.234375	392.285156
3945.972091	0.800687	8.807563	0.417849
3947.016152	0.783387	389.355469	-48.535156
3947.018153	0.801990	389.355469	-48.535156
3947.020154	0.800111	8.801217	0.233244
3948.044184	0.740593	89.257812	399.121094
3948.046186	0.803523	89.257812	399.121094
3948.048187	0.801042	8.811461	0.210669
3949.088253	0.385081	378.027344	-48.339844
3949.090255	0.687960	378.027344	-48.339844
3949.092254	0.804580	378.027344	-48.339844
3949.094255	0.802157	8.823727	0.213784
3950.120326	0.404784	90.820312	397.070312
3950.122326	0.703835	90.820312	397.070312
3950.124326	0.804312	90.820312	397.070312
3950.126327	0.801778	8.819553	0.221066
3951.162381	0.585052	378.710937	-49.316406
3951.164383	0.794772	378.710937	-49.316406
3951.166383	0.801689	378.710937	-49.316406
3951.168385	0.799838	8.798222	0.214344
3952.200413	0.340363	93.945312	387.304687
3952.202413	0.648297	93.945312	387.304687
3952.204413	0.802660	93.945312	387.304687
3952.206413	0.801483	8.816318	0.214130
3953.232472	0.319271	388.378906	-49.414062
3953.234473	0.628420	388.378906	-49.414062
3953.236474	0.801703	388.378906	-49.414062
3953.238475	0.801978	8.821760	0.215871
3954.281053	0.636121	90.722656	394.433594
3954.283056	0.802069	90.722656	394.433594
3954.285056	0.802382	8.826200	0.656558
3955.309102	0.512088	369.628906	-46.289062
3955.311103	0.770562	369.628906	-46.289062
3955.313104	0.802275	369.628906	-46.289062
3955.315104	0.800262	8.802883	0.207837
3956.357130	0.507954	91.601562	391.796875
3956.359133	0.769049	91.601562	391.796875
3956.361134	0.803074	91.601562	391.796875
3956.363131	0.801067	8.811736	0.216095
3957.383181	0.348326	398.144531	-46.875000
3957.385183	0.655524	398.144531	-46.875000
3957.387182	0.803839	398.144531	-46.875000
3957.389183	0.802332	8.825650	0.219382
3958.435251	0.802910	91.406250	394.824219
3958.437255	0.801432	8.815751	0.751938
3959.461268	0.369910	395.996094	-45.605469
3959.463268	0.674841	395.996094	-45.605469
3959.465270	0.803345	395.996094	-45.605469
3959.467270	0.801210	8.813313	0.213614
3960.507351	0.499412	94.238281	387.207031
3960.509352	0.764424	94.238281	387.207031
3960.511353	0.802356	94.238281	387.207031
3960.513353	0.800242	8.802662	0.203407
3961.541461	0.595570	388.671875	-44.921875
3961.543463	0.796929	388.671875	-44.921875
3961.545463	0.801678	388.671875	-44.921875
3961.547462	0.799829	8.798123	0.213189
3962.579491	0.391640	91.308594	393.945312
3962.581493	0.693292	91.308594	393.945312
3962.583492	0.804528	91.308594	393.945312
3962.585494	0.802010	8.822114	0.210546
3963.619501	0.492490	397.265625	-45.410156
3963.621503	0.761075	397.265625	-45.410156
3963.623504	0.802831	397.265625	-45.410156
3963.625504	0.800714	8.807855	0.210434
3964.653538	0.342116	90.625000	393.945312
3964.655540	0.649812	90.625000	393.945312
3964.657539	0.802810	90.625000	393.945312
3964.659540	0.801605	8.817657	0.206044
3965.695594	0.361572	387.597656	-44.921875
3965.697597	0.667529	387.597656	-44.921875
3965.699597	0.804384	387.597656	-44.921875
3965.701596	0.802356	8.825916	0.215898
3966.729611	0.524861	90.722656	394.921875
3966.731612	0.776354	90.722656	394.921875
3966.733617	0.802586	90.722656	394.921875
3966.735617	0.802429	8.826722	0.202720
3967.777708	0.803124	382.519531	-44.726562
3967.779709	0.800806	8.808866	0.208520
3968.803695	0.281600	90.722656	395.507812
3968.805696	0.592331	90.722656	395.507812
3968.807696	0.796731	90.722656	395.507812
3968.809697	0.802041	90.722656	395.507812
3968.811697	0.800252	8.802768	0.206349
3969.851758	0.674255	381.250000	-44.628906
3969.853759	0.803895	381.250000	-44.628906
3969.855760	0.801734	8.819075	0.841552
3970.879759	0.387449	94.628906	384.082031
3970.881760	0.689870	94.628906	384.082031
3970.883760	0.804215	94.628906	384.082031
3970.885760	0.801807	8.819880	0.213085
3971.926320	0.314347	383.886719	-44.433594
3971.928323	0.623635	383.886719	-44.433594
3971.930323	0.801124	383.886719	-44.433594
3971.932322	0.801775	8.819526	0.211730
3972.956370	0.576996	95.410156	384.082031
3972.958371	0.792973	95.410156	384.082031
3972.960372	0.801696	95.410156	384.082031
3972.962373	0.799850	8.798354	0.207789
3974.004914	0.609446	390.820312	-45.117187
3974.006913	0.800756	390.820312	-45.117187
3974.008913	0.803254	390.820312	-45.117187
3974.010914	0.801423	8.815653	0.209141
3975.030962	0.335101	91.406250	395.605469
3975.032963	0.643347	91.406250	395.605469
3975.034962	0.802439	91.406250	395.605469
3975.036964	0.801619	8.817807	0.209122
3976.079044	0.416595	393.261719	-45.019531
3976.083044	0.803998	393.261719	-45.019531
3976.085045	0.801404	393.261719	-45.019531
3976.087046	0.799983	8.799816	0.210150
3977.109080	0.516466	90.332031	397.460937
3977.111078	0.772454	90.332031	397.460937
3977.113080	0.802198	90.332031	397.460937
3977.115079	0.800186	8.802041	0.202369
3978.157102	0.773824	399.511719	-45.117187
3978.159105	0.802691	399.511719	-45.117187
3978.161103	0.800633	8.806969	0.205335
3979.185706	0.472137	95.117187	384.082031
3979.187710	0.749768	95.117187	384.082031
3979.189708	0.802731	95.117187	384.082031
3979.191708	0.800468	8.805152	0.205983
3980.230682	0.625842	383.691406	-43.652344
3980.232684	0.634344	383.691406	-43.652344
3980.234685	0.802119	8.823311	0.210431
3981.262734	0.407855	89.843750	398.144531
3981.264734	0.706329	89.843750	398.144531
3981.266735	0.804631	89.843750	398.144531
3981.268736	0.802023	8.822256	0.204995
3982.306783	0.747305	394.921875	-44.238281
3982.308784	0.803022	394.921875	-44.238281
3982.310786	0.800740	8.808138	0.204858
3983.340822	0.547100	92.675781	391.210937
3983.342827	0.784777	92.675781	391.210937
3983.344830	0.802504	92.675781	391.210937
3983.346834	0.800543	8.805976	0.243865
3984.376907	0.274333	393.750000	-44.140625
3984.378909	0.585286	393.750000	-44.140625
3984.380909	0.796023	393.750000	-44.140625
3984.382908	0.802987	393.750000	-44.140625
3984.384908	0.801160	8.812756	0.211666
3985.418979	0.421114	91.699219	395.117187
3985.420978	0.716176	91.699219	395.117187
3985.422979	0.803838	91.699219	395.117187
3985.424981	0.801299	8.814289	0.201478
3986.451010	0.273322	384.082031	-43.750000
3986.453012	0.584346	384.082031	-43.750000
3986.455012	0.795022	384.082031	-43.750000
3986.457012	0.802049	384.082031	-43.750000
3986.459014	0.800267	8.802937	0.209054
3987.501044	0.795666	94.824219	387.500000
3987.503047	0.801740	94.824219	387.500000
3987.505049	0.799812	8.797929	0.201621
3988.527616	0.660908	392.968750	-44.726562
3988.529618	0.803461	392.968750	-44.726562
3988.531618	0.801720	8.818915	0.207864
3989.574194	0.512461	90.820312	397.656250
3989.576198	0.770652	90.820312	397.656250
3989.578198	0.802207	90.820312	397.656250
3989.580196	0.800163	8.801793	0.204481
3990.602251	0.387860	386.816406	-45.410156
3990.604251	0.690184	386.816406	-45.410156
3990.606253	0.804525	386.816406	-45.410156
3990.608251	0.802069	8.822762	0.202467
3991.650789	0.497984	95.214844	384.863281
3991.652790	0.763775	95.214844	384.863281
3991.654791	0.802500	95.214844	384.863281
3991.656791	0.800403	8.804434	0.206649
3992.679726	0.393655	391.699219	-46.972656
3992.681728	0.406019	391.699219	-46.972656
3992.683727	0.804155	391.699219	-46.972656
3992.685727	0.801715	8.818871	0.200901
3993.725759	0.703329	92.089844	393.261719
3993.727761	0.803399	92.089844	393.261719
3993.729760	0.800912	8.810035	0.205240
3994.757786	0.409161	368.554687	-46.777344
3994.759787	0.707073	368.554687	-46.777344
3994.761787	0.803398	368.554687	-46.777344
3994.763786	0.801001	8.811009	0.205050
3995.797819	0.514055	94.531250	388.574219
3995.799822	0.771518	94.531250	388.574219
3995.801823	0.802400	94.531250	388.574219
3995.803822	0.800326	8.803583	0.200922
3996.836822	0.380411	378.906250	-46.679687
3996.838824	0.683896	378.906250	-46.679687
3996.840824	0.803628	378.906250	-46.679687
3996.842824	0.801272	8.813987	0.205569
3997.868852	0.355092	91.699219	397.167969
3997.870855	0.661809	91.699219	397.167969
3997.872854	0.803954	91.699219	397.167969
3997.874854	0.802063	8.822690	0.210646
3998.914901	0.278652	379.785156	-45.507812
3998.916902	0.589470	379.785156	-45.507812
3998.920901	0.801605	379.785156	-45.507812
3998.924901	0.798458	379.785156	-45.507812
3998.926902	0.797529	8.772822	0.205390
3999.944938	0.384476	89.355469	401.757812
3999.946941	0.687449	89.355469	401.757812
3999.948942	0.804452	89.355469	401.757812
3999.950940	0.802030	8.822327	0.202056
4000.990986	0.308164	387.402344	-44.824219
4000.992990	0.617677	387.402344	-44.824219
4000.994994	0.800368	387.402344	-44.824219
4000.996994	0.801563	8.817195	0.210376
4002.019040	0.382830	95.703125	387.500000
4002.021043	0.686068	95.703125	387.500000
4002.023042	0.804416	95.703125	387.500000
4002.025042	0.802042	8.822459	0.205508
4003.069126	0.375950	401.367187	-44.824219
4003.071128	0.680200	401.367187	-44.824219
4003.073129	0.804538	401.367187	-44.824219
4003.075129	0.802267	8.824941	0.203821
4004.097169	0.368073	91.503906	397.265625
4004.101170	0.803990	91.503906	397.265625
4004.103172	0.801925	91.503906	397.265625
4004.105170	0.800385	8.804230	0.199418
4005.145235	0.526568	397.167969	-43.945312
4005.147238	0.776731	397.167969	-43.945312
4005.149239	0.802251	397.167969	-43.945312
4005.151238	0.800251	8.802759	0.201901
4006.175282	0.588421	92.187500	393.164062
4006.177282	0.795990	92.187500	393.164062
4006.179282	0.802126	92.187500	393.164062
4006.181282	0.800370	8.804070	0.431600
4007.219876	0.450553	394.921875	-44.042969
4007.221878	0.736512	394.921875	-44.042969
4007.223880	0.802972	394.921875	-44.042969
4007.225878	0.800645	8.807093	0.205094
4008.249884	0.308341	87.988281	403.710937
4008.251884	0.617875	87.988281	403.710937
4008.253883	0.800270	87.988281	403.710937
4008.255883	0.801641	8.818055	0.203627
4009.295953	0.514894	401.464844	-45.117187
4009.297952	0.771846	401.464844	-45.117187
4009.299952	0.802355	401.464844	-45.117187
4009.301953	0.800298	8.803282	0.200626
4010.326534	0.466463	87.207031	403.515625
4010.328536	0.746309	87.207031	403.515625
4010.332532	0.800421	87.207031	403.515625
4010.334534	0.799023	8.789252	0.203075
4011.370570	0.234936	384.570312	-44.140625
4011.372573	0.548080	384.570312	-44.140625
4011.374582	0.785529	384.570312	-44.140625
4011.376582	0.802361	384.570312	-44.140625
4011.378581	0.800445	8.804894	0.212527
4012.402620	0.454996	86.328125	405.566406
4012.404621	0.739161	86.328125	405.566406
4012.406622	0.802649	86.328125	405.566406
4012.408621	0.800388	8.804265	0.200099
4013.448664	0.459751	395.996094	-44.628906
4013.450668	0.742240	395.996094	-44.628906
4013.452666	0.802761	395.996094	-44.628906
4013.454667	0.800455	8.805000	0.200553
4014.478726	0.486327	87.109375	403.906250
4014.480728	0.757820	87.109375	403.906250
4014.484727	0.800532	87.109375	403.906250
4014.486730	0.799115	8.790263	0.195756
4015.526718	0.755931	396.972656	-45.117187
4015.528721	0.802634	396.972656	-45.117187
4015.532718	0.798950	8.788455	0.203617
4016.553291	0.594058	92.675781	388.183594
4016.555294	0.796959	92.675781	388.183594
4016.557292	0.802031	92.675781	388.183594
4016.559294	0.800248	8.802723	0.456735
4017.601297	0.348752	385.839844	-44.335937
4017.603299	0.655925	385.839844	-44.335937
4017.605299	0.803482	385.839844	-44.335937
4017.607299	0.801974	8.821715	0.205588
4018.629356	0.383111	86.914062	405.957031
4018.631359	0.686260	86.914062	405.957031
4018.633360	0.804623	86.914062	405.957031
4018.635363	0.802219	8.824409	0.200847
4019.679440	0.766734	400.976562	-45.312500
4019.681442	0.802384	400.976562	-45.312500
4019.683442	0.800303	8.803335	0.207384
4020.707430	0.637113	93.164062	389.941406
4020.709433	0.801770	93.164062	389.941406
4020.711432	0.801351	8.814864	0.649795
4021.751464	0.292506	378.417969	-44.238281
4021.753468	0.602700	378.417969	-44.238281
4021.755468	0.798353	378.417969	-44.238281
4021.757468	0.801893	378.417969	-44.238281
4021.759467	0.800194	8.802138	0.208213
4022.783493	0.583344	92.871094	392.285156
4022.785498	0.794445	92.871094	392.285156
4022.789495	0.799801	92.871094	392.285156
4022.791497	0.798642	8.785061	0.410213
4023.827554	0.402634	390.722656	-46.386719
4023.829556	0.702114	390.722656	-46.386719
4023.831556	0.803993	390.722656	-46.386719
4023.833556	0.801461	8.816071	0.196597
4024.862147	0.534747	87.109375	408.203125
4024.864151	0.780144	87.109375	408.203125
4024.866154	0.802339	87.109375	408.203125
4024.868156	0.800395	8.804345	0.197951
4025.900144	0.283964	392.773437	-47.265625
4025.902148	0.594516	392.773437	-47.265625
4025.904147	0.797058	392.773437	-47.265625
4025.906146	0.801966	392.773437	-47.265625
4025.908147	0.800215	8.802360	0.197904
