crossing time (s)	slope (V/s)	crossing number
281474976710655.000000	5.700546	3281	0.000000
281474976710655.000000	5.698444	3282	3713409024.000000
281474976710655.000000	5.012354	3283	3714435328.000000
281474976710655.000000	3.911973	3284	3715480832.000000
281474976710655.000000	4.675888	3285	3716530944.000000
281474976710655.000000	5.632442	3286	3717562368.000000
281474976710655.000000	5.177928	3287	3718606080.000000
281474976710655.000000	4.644901	3288	3719629312.000000
281474976710655.000000	4.623322	3289	3720679168.000000
281474976710655.000000	5.431359	3290	3721726208.000000
281474976710655.000000	5.380644	3291	3722750464.000000
281474976710655.000000	4.842734	3292	3723794944.000000
281474976710655.000000	4.853047	3293	3724834560.000000
281474976710655.000000	5.177032	3294	3725870592.000000
281474976710655.000000	5.328705	3295	3726915840.000000
281474976710655.000000	5.029168	3296	3727943424.000000
281474976710655.000000	4.912263	3297	3728987904.000000
281474976710655.000000	5.338737	3298	3730028032.000000
281474976710655.000000	5.752333	3299	3731057920.000000
281474976710655.000000	5.341475	3300	3732104192.000000
281474976710655.000000	5.244818	3301	3733131520.000000
281474976710655.000000	4.874642	3302	3734177536.000000
281474976710655.000000	5.055454	3303	3735211264.000000
281474976710655.000000	5.238493	3304	3736252672.000000
281474976710655.000000	5.112299	3305	3737291776.000000
281474976710655.000000	4.600328	3306	3738323200.000000
281474976710655.000000	4.858700	3307	3739375104.000000
281474976710655.000000	4.835748	3308	3740411648.000000
281474976710655.000000	5.759542	3309	3741449216.000000
281474976710655.000000	5.631185	3310	3742479360.000000
281474976710655.000000	5.314827	3311	3743522560.000000
281474976710655.000000	4.993372	3312	3744556032.000000
281474976710655.000000	5.060856	3313	3745600000.000000
281474976710655.000000	5.264304	3314	3746644224.000000
281474976710655.000000	5.805171	3315	3747670784.000000
281474976710655.000000	4.808599	3316	3748715520.000000
281474976710655.000000	4.915883	3317	3749744640.000000
281474976710655.000000	5.065692	3318	3750799872.000000
281474976710655.000000	5.547729	3319	3751832320.000000
281474976710655.000000	5.995794	3320	3752863232.000000
281474976710655.000000	5.072567	3321	3753908480.000000
281474976710655.000000	4.987281	3322	3754937600.000000
281474976710655.000000	5.567761	3323	3755991808.000000
281474976710655.000000	5.829280	3324	3757018368.000000
281474976710655.000000	5.690445	3325	3758054656.000000
281474976710655.000000	5.044374	3326	3759103488.000000
281474976710655.000000	5.375666	3327	3760129536.000000
281474976710655.000000	5.825221	3328	3761179648.000000
281474976710655.000000	5.840001	3329	3762211584.000000
281474976710655.000000	5.474790	3330	3763244800.000000
281474976710655.000000	5.453102	3331	3764297216.000000
281474976710655.000000	5.486737	3332	3765321984.000000
281474976710655.000000	5.913404	3333	3766369792.000000
281474976710655.000000	5.647630	3334	3767400192.000000
281474976710655.000000	5.660738	3335	3768439552.000000
281474976710655.000000	5.718926	3336	3769486080.000000
281474976710655.000000	5.771358	3337	3770512128.000000
281474976710655.000000	5.728250	3338	3771560448.000000
281474976710655.000000	5.753467	3339	3772590592.000000
281474976710655.000000	5.694414	3340	3773636352.000000
281474976710655.000000	5.843994	3341	3774671872.000000
281474976710655.000000	5.895730	3342	3775707904.000000
281474976710655.000000	5.773815	3343	3776750848.000000
281474976710655.000000	6.008552	3344	3777782272.000000
281474976710655.000000	5.865703	3345	3778827264.000000
281474976710655.000000	5.718021	3346	3779858432.000000
281474976710655.000000	5.948444	3347	3780907008.000000
281474976710655.000000	6.022730	3348	3781935360.000000
281474976710655.000000	5.866580	3349	3782978304.000000
281474976710655.000000	5.935630	3350	3784015104.000000
281474976710655.000000	6.147757	3351	3785053696.000000
281474976710655.000000	5.989628	3352	3786093312.000000
281474976710655.000000	5.913964	3353	3787127552.000000
281474976710655.000000	5.930238	3354	3788173824.000000
281474976710655.000000	6.090158	3355	3789202432.000000
281474976710655.000000	6.036702	3356	3790248960.000000
281474976710655.000000	5.999753	3357	3791279104.000000
281474976710655.000000	5.954205	3358	3792325120.000000
281474976710655.000000	6.227717	3359	3793361408.000000
281474976710655.000000	6.204493	3360	3794393600.000000
281474976710655.000000	6.047242	3361	3795442944.000000
281474976710655.000000	6.086699	3362	3796468224.000000
281474976710655.000000	6.251038	3363	3797518848.000000
281474976710655.000000	6.218849	3364	3798548480.000000
281474976710655.000000	6.206180	3365	3799587840.000000
281474976710655.000000	6.144170	3366	3800632320.000000
281474976710655.000000	6.279595	3367	3801661184.000000
281474976710655.000000	6.211655	3368	3802707712.000000
281474976710655.000000	6.167496	3369	3803739392.000000
281474976710655.000000	6.122854	3370	3804780544.000000
281474976710655.000000	6.314243	3371	3805822464.000000
281474976710655.000000	6.362761	3372	3806850560.000000
281474976710655.000000	6.194270	3373	3807901440.000000
281474976710655.000000	5.998636	3374	3808927488.000000
281474976710655.000000	6.309340	3375	3809978112.000000
281474976710655.000000	6.467874	3376	3811005952.000000
281474976710655.000000	6.316710	3377	3812048384.000000
281474976710655.000000	6.242979	3378	3813086208.000000
281474976710655.000000	6.517135	3379	3814123776.000000
281474976710655.000000	6.458198	3380	3815164672.000000
281474976710655.000000	6.343339	3381	3816196864.000000
281474976710655.000000	6.318944	3382	3817242880.000000
281474976710655.000000	6.386402	3383	3818273792.000000
281474976710655.000000	6.394192	3384	3819319552.000000
281474976710655.000000	6.420872	3385	3820350976.000000
281474976710655.000000	6.615722	3386	3821395200.000000
281474976710655.000000	6.565441	3387	3822426880.000000
281474976710655.000000	6.350845	3388	3823469824.000000
281474976710655.000000	6.494306	3389	3824505856.000000
281474976710655.000000	6.549169	3390	3825543936.000000
281474976710655.000000	6.466363	3391	3826585088.000000
281474976710655.000000	6.681733	3392	3827617536.000000
281474976710655.000000	6.464969	3393	3828662784.000000
281474976710655.000000	6.336499	3394	3829690112.000000
281474976710655.000000	6.566544	3395	3830741248.000000
281474976710655.000000	6.492506	3396	3831768832.000000
281474976710655.000000	6.727088	3397	3832815616.000000
281474976710655.000000	6.523273	3398	3833847808.000000
281474976710655.000000	6.748516	3399	3834885888.000000
281474976710655.000000	6.614707	3400	3835930368.000000
281474976710655.000000	6.622379	3401	3836958464.000000
281474976710655.000000	6.509450	3402	3838008832.000000
281474976710655.000000	6.619542	3403	3839037184.000000
281474976710655.000000	6.715233	3404	3840081408.000000
281474976710655.000000	6.715721	3405	3841118976.000000
281474976710655.000000	6.765088	3406	3842150656.000000
281474976710655.000000	6.652954	3407	3843198976.000000
281474976710655.000000	6.630948	3408	3844226048.000000
281474976710655.000000	6.683035	3409	3845275904.000000
281474976710655.000000	6.709644	3410	3846304768.000000
281474976710655.000000	6.859186	3411	3847348736.000000
281474976710655.000000	6.665637	3412	3848382720.000000
281474976710655.000000	6.820267	3413	3849421056.000000
281474976710655.000000	6.693724	3414	3850463488.000000
281474976710655.000000	6.889461	3415	3851495680.000000
281474976710655.000000	6.802605	3416	3852540928.000000
281474976710655.000000	6.850820	3417	3853569280.000000
281474976710655.000000	6.654047	3418	3854618368.000000
281474976710655.000000	6.788264	3419	3855647232.000000
281474976710655.000000	6.771647	3420	3856694528.000000
281474976710655.000000	6.905269	3421	3857722624.000000
281474976710655.000000	6.880288	3422	3858771456.000000
281474976710655.000000	6.945883	3423	3859798784.000000
281474976710655.000000	6.775567	3424	3860846336.000000
281474976710655.000000	6.925731	3425	3861876224.000000
281474976710655.000000	6.961766	3426	3862922496.000000
281474976710655.000000	6.888236	3427	3863952640.000000
281474976710655.000000	6.869300	3428	3864997120.000000
281474976710655.000000	7.073741	3429	3866031616.000000
281474976710655.000000	6.998580	3430	3867070720.000000
281474976710655.000000	6.986438	3431	3868111104.000000
281474976710655.000000	6.939277	3432	3869144320.000000
281474976710655.000000	6.976781	3433	3870190592.000000
281474976710655.000000	7.031259	3434	3871217920.000000
281474976710655.000000	7.021835	3435	3872267520.000000
281474976710655.000000	7.003119	3436	3873294080.000000
281474976710655.000000	7.123380	3437	3874341888.000000
281474976710655.000000	7.090855	3438	3875374336.000000
281474976710655.000000	7.172249	3439	3876412672.000000
281474976710655.000000	7.012121	3440	3877456128.000000
281474976710655.000000	7.122809	3441	3878486528.000000
281474976710655.000000	7.088643	3442	3879533568.000000
281474976710655.000000	7.074932	3443	3880561664.000000
281474976710655.000000	7.034105	3444	3881608448.000000
281474976710655.000000	7.187653	3445	3882640896.000000
281474976710655.000000	7.170645	3446	3883681024.000000
281474976710655.000000	7.174797	3447	3884720896.000000
281474976710655.000000	7.130886	3448	3885754112.000000
281474976710655.000000	7.132317	3449	3886800128.000000
281474976710655.000000	7.186090	3450	3887828480.000000
281474976710655.000000	7.200623	3451	3888877312.000000
281474976710655.000000	7.131582	3452	3889903872.000000
281474976710655.000000	7.217295	3453	3890953216.000000
281474976710655.000000	7.137981	3454	3891980032.000000
281474976710655.000000	7.126319	3455	3893028864.000000
281474976710655.000000	7.134631	3456	3894057728.000000
281474976710655.000000	7.280003	3457	3895104768.000000
281474976710655.000000	7.172794	3458	3896133376.000000
281474976710655.000000	7.242917	3459	3897180672.000000
281474976710655.000000	7.288444	3460	3898210304.000000
281474976710655.000000	7.273602	3461	3899256832.000000
281474976710655.000000	7.279309	3462	3900286720.000000
281474976710655.000000	7.271902	3463	3901333248.000000
281474976710655.000000	7.332914	3464	3902361344.000000
281474976710655.000000	7.249380	3465	3903410176.000000
281474976710655.000000	7.289424	3466	3904438272.000000
281474976710655.000000	7.293428	3467	3905486080.000000
281474976710655.000000	7.230815	3468	3906514944.000000
281474976710655.000000	7.407223	3469	3907560704.000000
281474976710655.000000	7.384291	3470	3908593664.000000
281474976710655.000000	7.409535	3471	3909633792.000000
281474976710655.000000	7.323209	3472	3910673664.000000
281474976710655.000000	7.419025	3473	3911706624.000000
281474976710655.000000	7.314129	3474	3912751872.000000
281474976710655.000000	7.394108	3475	3913780992.000000
281474976710655.000000	7.352532	3476	3914829568.000000
281474976710655.000000	7.339244	3477	3915857920.000000
281474976710655.000000	7.443412	3478	3916903936.000000
281474976710655.000000	7.293955	3479	3917936640.000000
281474976710655.000000	7.528629	3480	3918976512.000000
281474976710655.000000	7.459262	3481	3920016384.000000
281474976710655.000000	7.421125	3482	3921048832.000000
281474976710655.000000	7.448280	3483	3922094848.000000
281474976710655.000000	7.463037	3484	3923122176.000000
281474976710655.000000	7.476105	3485	3924172288.000000
281474976710655.000000	7.504305	3486	3925199872.000000
281474976710655.000000	7.513632	3487	3926247680.000000
281474976710655.000000	7.494634	3488	3927277824.000000
281474976710655.000000	7.577416	3489	3928322560.000000
281474976710655.000000	7.537912	3490	3929353984.000000
281474976710655.000000	7.548939	3491	3930396416.000000
281474976710655.000000	7.560935	3492	3931433472.000000
281474976710655.000000	7.567920	3493	3932472064.000000
281474976710655.000000	7.537493	3494	3933509888.000000
281474976710655.000000	7.605953	3495	3934547712.000000
281474976710655.000000	7.610620	3496	3935585792.000000
281474976710655.000000	7.658469	3497	3936623360.000000
281474976710655.000000	7.623483	3498	3937661952.000000
281474976710655.000000	7.604261	3499	3938699520.000000
281474976710655.000000	7.562292	3500	3939737088.000000
281474976710655.000000	7.689095	3501	3940779008.000000
281474976710655.000000	7.615269	3502	3941811200.000000
281474976710655.000000	7.586981	3503	3942855680.000000
281474976710655.000000	7.632035	3504	3943885312.000000
281474976710655.000000	7.696687	3505	3944933888.000000
281474976710655.000000	7.662255	3506	3945961216.000000
281474976710655.000000	7.657450	3507	3947009536.000000
281474976710655.000000	7.691284	3508	3948038144.000000
281474976710655.000000	7.708543	3509	3949084672.000000
281474976710655.000000	7.668965	3510	3950116608.000000
281474976710655.000000	7.697537	3511	3951157504.000000
281474976710655.000000	7.592588	3512	3952197120.000000
281474976710655.000000	7.768247	3513	3953229312.000000
281474976710655.000000	7.680572	3514	3954275840.000000
281474976710655.000000	7.772392	3515	3955304704.000000
281474976710655.000000	7.623832	3516	3956352768.000000
281474976710655.000000	7.715333	3517	3957379840.000000
281474976710655.000000	7.715343	3518	3958427904.000000
281474976710655.000000	7.750458	3519	3959457792.000000
281474976710655.000000	7.671332	3520	3960503040.000000
281474976710655.000000	7.794656	3521	3961536512.000000
281474976710655.000000	7.741074	3522	3962575872.000000
281474976710655.000000	7.754257	3523	3963615232.000000
281474976710655.000000	7.791720	3524	3964650240.000000
281474976710655.000000	7.714980	3525	3965692160.000000
281474976710655.000000	7.831104	3526	3966725120.000000
281474976710655.000000	7.788954	3527	3967769600.000000
281474976710655.000000	7.707047	3528	3968800768.000000
281474976710655.000000	7.818493	3529	3969846272.000000
281474976710655.000000	7.768634	3530	3970876160.000000
281474976710655.000000	7.900686	3531	3971923200.000000
281474976710655.000000	7.860465	3532	3972951552.000000
281474976710655.000000	7.823912	3533	3973999872.000000
281474976710655.000000	7.818016	3534	3975027712.000000
281474976710655.000000	7.829154	3535	3976075264.000000
281474976710655.000000	7.801904	3536	3977104640.000000
281474976710655.000000	7.855522	3537	3978150656.000000
281474976710655.000000	7.852106	3538	3979181568.000000
281474976710655.000000	7.961218	3539	3980225536.000000
281474976710655.000000	7.750638	3540	3981259008.000000
281474976710655.000000	7.899863	3541	3982300672.000000
281474976710655.000000	7.850173	3542	3983336192.000000
281474976710655.000000	7.935206	3543	3984374016.000000
281474976710655.000000	7.938443	3544	3985415168.000000
281474976710655.000000	7.999804	3545	3986448128.000000
281474976710655.000000	7.811158	3546	3987494144.000000
281474976710655.000000	7.895652	3547	3988522240.000000
281474976710655.000000	7.756333	3548	3989569792.000000
281474976710655.000000	8.019299	3549	3990598656.000000
281474976710655.000000	7.930151	3550	3991646464.000000
281474976710655.000000	7.935164	3551	3992676096.000000
281474976710655.000000	7.948731	3552	3993720064.000000
281474976710655.000000	7.915092	3553	3994754048.000000
281474976710655.000000	8.089895	3554	3995793408.000000
281474976710655.000000	7.934427	3555	3996833280.000000
281474976710655.000000	8.088725	3556	3997865472.000000
281474976710655.000000	7.970493	3557	3998912000.000000
281474976710655.000000	7.977424	3558	3999941376.000000
281474976710655.000000	7.942083	3559	4000987904.000000
281474976710655.000000	8.008247	3560	4002015488.000000
281474976710655.000000	8.104770	3561	4003065600.000000
281474976710655.000000	7.967983	3562	4004093696.000000
281474976710655.000000	8.096434	3563	4005140736.000000
281474976710655.000000	8.014200	3564	4006170368.000000
281474976710655.000000	7.980996	3565	4007215872.000000
281474976710655.000000	8.069304	3566	4008246784.000000
281474976710655.000000	8.159248	3567	4009291520.000000
281474976710655.000000	7.990591	3568	4010322432.000000
281474976710655.000000	8.031093	3569	4011367936.000000
281474976710655.000000	8.041192	3570	4012398592.000000
281474976710655.000000	8.016909	3571	4013444608.000000
281474976710655.000000	8.011655	3572	4014474496.000000
281474976710655.000000	8.106484	3573	4015520512.000000
281474976710655.000000	8.027849	3574	4016548352.000000
281474976710655.000000	7.983623	3575	4017597952.000000
281474976710655.000000	8.024328	3576	4018625792.000000
281474976710655.000000	8.177542	3577	4019673088.000000
281474976710655.000000	8.083009	3578	4020702208.000000
281474976710655.000000	8.065827	3579	4021748480.000000
281474976710655.000000	8.179708	3580	4022778624.000000
281474976710655.000000	8.172988	3581	4023823872.000000
281474976710655.000000	8.050047	3582	4024857600.000000
281474976710655.000000	8.113502	3583	4025897216.000000
