num crossings	time (s)	maj axis (mm)	min axis (mm)	theta (rad )	slope (V/s)
265	549.213402	47.443304	-6.477553	3.651800	5.845628
267	551.286543	47.391447	-6.423261	3.652920	7.968739
269	553.360406	46.702907	-6.286034	3.664722	6.948138
271	555.436574	56.156945	6.855706	3.611966	6.707161
273	557.514876	56.555869	7.344206	3.616451	7.219716
275	559.592628	56.567617	7.484457	3.611830	6.990102
277	561.672132	56.657465	7.160899	3.606587	7.042115
279	563.748540	56.568672	7.123385	3.610601	7.531664
281	565.823256	56.112280	6.761897	3.604974	7.211308
283	567.894216	57.053174	6.614522	3.607305	6.282115
285	569.964543	56.895906	7.100882	3.619893	7.173103
287	572.041651	56.423303	6.465789	3.610370	7.028183
289	574.120301	45.794991	-7.550672	3.634267	7.658606
291	576.201530	45.990194	-7.115014	3.645536	6.988136
293	578.278082	51.964113	-7.739251	3.583758	7.051018
295	580.354053	44.363339	-3.740285	3.699741	7.238099
297	582.425138	56.187094	6.661855	3.604798	6.940246
299	584.497748	56.508178	6.709775	3.605741	7.161716
301	586.572010	56.921842	7.036149	3.613541	7.418198
303	588.647680	57.101284	7.457136	3.623512	7.093737
305	590.723438	56.551649	6.607197	3.614312	7.127370
307	592.798192	56.398136	6.733459	3.609857	7.358062
309	594.876590	56.378560	6.475984	3.605113	6.543680
311	596.954283	56.677718	7.021541	3.604487	7.332562
313	599.032728	46.023419	-7.027137	3.650432	6.990964
315	601.108656	56.493860	6.644752	3.612621	7.218437
317	603.183036	56.784691	6.228385	3.602946	6.921390
319	605.255198	57.072817	6.112402	3.602730	7.455852
321	607.326954	56.201880	6.281148	3.606263	7.093432
323	609.400772	57.011887	6.551750	3.609599	7.130296
325	611.478425	56.422747	6.519114	3.607036	6.960168
327	613.556543	57.388736	7.292408	3.612203	7.557071
329	615.636830	56.312202	6.267376	3.604559	6.938404
331	617.713460	56.572135	6.153622	3.607010	7.276313
333	619.788576	56.625412	6.111947	3.603423	6.928036
335	621.862326	57.011138	6.239224	3.601731	7.502349
337	623.935953	56.718897	6.170147	3.599891	7.562145
339	626.010280	57.044834	6.200375	3.603156	7.322235
341	628.085384	56.658698	6.289492	3.602036	7.112948
343	630.162640	57.157943	6.107078	3.603400	7.321079
345	632.238813	56.549606	6.021038	3.599492	7.502096
347	634.316902	57.326803	6.666038	3.602138	7.116955
349	636.393080	56.783770	5.808575	3.599875	7.238679
351	638.468496	56.373946	6.184863	3.600154	7.145071
353	640.542104	46.642088	-6.544748	3.645837	7.059070
355	642.614232	57.178123	6.455586	3.604483	7.327286
357	644.686137	57.417708	5.974650	3.603321	7.010274
359	646.760060	56.647838	5.933672	3.608828	7.124977
361	648.836243	56.697958	5.971377	3.605652	7.214913
363	650.915007	56.752777	5.755440	3.597170	7.046338
365	652.994271	56.618829	5.995455	3.596887	7.393498
367	655.072002	46.660186	-6.438940	3.639791	7.286071
369	657.148479	56.608758	5.857427	3.603910	7.104492
371	659.223453	56.844603	5.969741	3.599384	7.463560
373	661.296805	56.860097	6.203672	3.602819	7.421968
375	663.372747	56.464264	5.933487	3.601360	7.074861
377	665.447785	52.659646	-6.859242	3.584885	7.293223
379	667.523670	47.269757	-5.324849	3.661403	7.102395
381	669.599944	56.722222	5.948461	3.604186	7.266896
383	671.676032	56.770400	5.911150	3.599651	7.461062
385	673.751950	57.902871	5.899753	3.597428	7.232128
387	675.828191	57.063399	5.752622	3.600866	7.019182
389	677.901644	47.122333	-6.280053	3.641094	7.183289
391	679.974070	47.046502	-6.231232	3.638934	7.422947
393	682.046692	56.840923	5.844552	3.599172	7.375694
395	684.119624	56.794439	6.088346	3.602337	7.307358
397	686.196192	57.530325	5.787356	3.602187	7.360561
399	688.273742	57.178560	6.237237	3.606897	7.297643
401	690.351672	57.285293	5.703757	3.597127	7.464601
403	692.429557	57.026139	5.979558	3.595991	7.605188
405	694.507093	56.754267	5.689225	3.600838	7.262958
407	696.583185	57.123598	5.713465	3.597922	7.431138
409	698.659139	57.295452	5.744008	3.599962	7.172329
411	700.735702	57.553550	6.545510	3.602610	7.322850
413	702.809420	57.539754	5.666152	3.594063	7.837699
415	704.886200	52.637075	-6.614593	3.579545	7.631874
417	706.961301	43.103242	-2.638921	3.674564	7.249620
419	709.037053	57.190967	5.641185	3.594298	7.233216
421	711.112000	57.241265	5.593772	3.595935	7.506278
423	713.186544	57.309633	5.760712	3.599180	7.427729
425	715.259841	57.439698	5.735582	3.593163	7.384293
427	717.333097	57.336670	5.659063	3.594954	7.193021
429	719.405998	52.511286	-6.473054	3.577859	7.269055
431	721.478779	37.760489	-6.291118	3.692168	7.475234
433	723.555234	57.682691	5.381024	3.599544	7.436610
435	725.631509	52.855986	-6.433901	3.584270	7.585270
437	727.710099	42.955620	-2.531891	3.662326	7.271681
439	729.788024	57.491576	5.970541	3.594208	7.517625
441	731.865166	57.541536	5.381303	3.589247	7.699050
443	733.943263	57.468128	5.338028	3.590177	7.361672
445	736.018574	57.120471	5.590425	3.595088	7.839112
447	738.094460	57.289037	5.436990	3.593941	7.343193
449	740.169643	46.830623	-5.924103	3.636636	7.431934
451	742.245199	57.293351	5.348856	3.591148	7.504655
453	744.320696	56.839267	5.880324	3.598752	7.516706
455	746.396815	57.392664	5.285942	3.592820	7.494045
457	748.471960	57.185403	5.340651	3.591548	7.562756
459	750.546624	57.580740	5.426756	3.593591	7.167727
461	752.619799	57.438713	5.574304	3.593884	7.717377
463	754.693758	57.770869	5.778204	3.594093	7.657969
465	756.766699	58.231853	5.479922	3.590848	7.526732
467	758.840704	57.501227	6.350162	3.596424	7.384447
469	760.915116	58.084791	5.177253	3.587853	7.002180
471	762.990965	57.706911	5.614176	3.592933	7.484571
473	765.068252	57.200763	5.435068	3.591350	7.515914
475	767.144927	57.711399	5.486920	3.593052	7.440607
477	769.222703	57.282751	5.253064	3.589185	7.328472
479	771.300299	57.241674	5.501800	3.591242	7.488353
481	773.376266	57.491720	6.536879	3.597633	7.524808
483	775.453647	58.045765	6.221716	3.593383	7.502921
485	777.529353	57.386892	5.874740	3.593774	7.498951
487	779.604176	57.553079	5.521472	3.592616	7.615304
489	781.680207	57.103375	5.314185	3.587121	7.612946
491	783.755120	57.946139	5.748956	3.591845	7.554630
493	785.830802	57.464165	5.943064	3.589737	7.332436
495	787.904616	57.646031	5.536096	3.587864	7.711058
497	789.979009	57.729088	5.695871	3.586400	7.620750
499	792.052769	53.703255	-6.142656	3.569001	7.578155
501	794.126361	41.969277	-3.433182	3.658009	7.578187
503	796.200426	53.978230	-6.113804	3.571019	7.710567
505	798.274715	46.872902	-5.610876	3.598941	7.561804
507	800.350486	44.304707	-2.004995	3.658615	7.449351
509	802.426580	57.798632	5.227685	3.590379	7.778982
511	804.504039	57.875035	5.254421	3.585736	7.478994
513	806.582001	57.782152	6.059011	3.591093	7.607969
515	808.658354	57.965204	5.383126	3.585749	7.682845
517	810.735980	54.419468	-6.102252	3.573885	7.426213
519	812.813389	44.017095	-1.494051	3.654420	7.330939
521	814.889114	58.037393	5.194893	3.582681	7.883981
523	816.964726	57.877597	5.111666	3.579621	7.524014
525	819.040360	57.948004	4.961407	3.583251	7.568441
527	821.115980	57.891031	5.446954	3.584840	7.584413
529	823.191322	58.134779	5.184166	3.584056	7.738902
531	825.266337	58.084359	5.139841	3.582049	7.941457
533	827.340321	59.911908	6.454058	3.582878	7.462742
535	829.414521	58.474254	5.942203	3.584177	7.800883
537	831.488307	58.503201	5.129606	3.583853	7.716926
539	833.561491	47.601648	-5.504323	3.622637	7.179334
541	835.636265	57.996633	5.312386	3.583416	7.834461
543	837.709672	57.797764	5.157196	3.583256	7.822820
545	839.786704	53.501906	-6.031053	3.569768	7.499584
547	841.862158	43.787293	-2.777405	3.660325	7.863993
549	843.939055	47.313704	-5.448185	3.629659	7.809511
551	846.015269	58.663779	5.348573	3.581631	7.359620
553	848.093098	58.324328	5.502075	3.585868	7.496345
555	850.170027	58.342888	6.353244	3.585450	7.775801
557	852.246896	58.486794	5.270853	3.581195	7.732108
559	854.322643	58.044257	5.075282	3.577088	7.655237
561	856.397937	58.561280	5.060420	3.579792	7.858700
563	858.473305	58.137944	5.252095	3.579399	7.502923
565	860.548563	57.925327	5.109517	3.577855	7.632824
567	862.623825	46.631277	-5.739403	3.620604	7.644011
569	864.697794	58.453356	5.106487	3.581432	7.593787
571	866.772064	58.032255	5.072260	3.577768	7.781380
573	868.846899	58.150713	4.963770	3.580901	7.832428
575	870.920606	58.635886	4.899999	3.582565	7.500824
577	872.995057	58.483256	5.001259	3.585166	7.651445
579	875.070135	58.304641	5.058018	3.589418	7.790252
581	877.145861	58.116541	5.086954	3.586608	7.500577
583	879.222892	58.124447	5.340716	3.583498	7.758311
