time (s)	coil I (A)	last det (V)	int current (uC)
1400.706692	0.688893	114.355469	213.378906
1400.708693	0.719449	114.355469	213.378906
1400.710693	0.717441	7.891856	0.331853
1401.792732	0.460783	131.640625	-114.648437
1401.794733	0.691269	131.640625	-114.648437
1401.796736	0.719216	131.640625	-114.648437
1401.798734	0.717304	7.890349	0.282303
1402.770766	0.335094	109.765625	214.160156
1402.774767	0.720538	109.765625	214.160156
1402.776768	0.718518	109.765625	214.160156
1402.778768	0.717158	7.888736	0.310986
1403.864825	0.267898	122.363281	-116.113281
1403.866829	0.545229	122.363281	-116.113281
1403.868833	0.716157	122.363281	-116.113281
1403.870833	0.718498	122.363281	-116.113281
1403.872833	0.716923	7.886148	0.318462
1404.836869	0.378521	108.593750	214.257812
1404.838871	0.642287	108.593750	214.257812
1404.840872	0.719650	108.593750	214.257812
1404.842871	0.717387	7.891262	0.336996
1405.932911	0.339397	133.691406	-115.429687
1405.934916	0.611410	133.691406	-115.429687
1405.936919	0.720295	133.691406	-115.429687
1405.938921	0.718205	7.900257	0.318205
1406.910953	0.644542	111.132812	213.476562
1406.912956	0.719756	111.132812	213.476562
1406.914955	0.717497	7.892467	0.309806
1408.001506	0.246673	141.503906	-114.648437
1408.003509	0.525741	141.503906	-114.648437
1408.005508	0.541662	141.503906	-114.648437
1408.007509	0.718180	141.503906	-114.648437
1408.009508	0.716570	7.882276	0.272275
1408.978074	0.520012	106.835937	213.378906
1408.980074	0.711349	106.835937	213.378906
1408.984073	0.716974	106.835937	213.378906
1408.986074	0.715983	7.875814	0.509037
1410.070149	0.322864	122.851562	-116.503906
1410.072151	0.597086	122.851562	-116.503906
1410.074151	0.720854	122.851562	-116.503906
1410.076151	0.719125	7.910378	0.334244
1411.044595	0.225821	110.644531	213.671875
1411.046596	0.705159	110.644531	213.671875
1411.048597	0.718428	110.644531	213.671875
1411.050597	0.716732	7.884048	0.340267
1412.138661	0.573494	117.578125	-116.699219
1412.140664	0.719193	117.578125	-116.699219
1412.142663	0.718664	7.905309	0.282397
1413.118687	0.425313	109.277344	210.546875
1413.120689	0.673009	109.277344	210.546875
1413.122690	0.719792	109.277344	210.546875
1413.124690	0.717619	7.893805	0.289117
1414.202768	0.325071	128.808594	-116.308594
1414.204770	0.598889	128.808594	-116.308594
1414.206770	0.720298	128.808594	-116.308594
1414.208769	0.718565	7.904210	0.321791
1415.186817	0.375978	110.937500	208.203125
1415.188818	0.640514	110.937500	208.203125
1415.192816	0.717640	110.937500	208.203125
1415.194818	0.716308	7.879387	0.327232
1416.270885	0.381080	121.875000	-117.285156
1416.272888	0.644222	121.875000	-117.285156
1416.274886	0.719856	121.875000	-117.285156
1416.278886	0.716378	7.880157	0.304291
1417.254981	0.296366	114.550781	202.734375
1417.258981	0.719594	114.550781	202.734375
1417.260983	0.719083	114.550781	202.734375
1417.262984	0.717479	7.892272	0.325136
1418.337549	0.430955	127.734375	-112.890625
1418.339551	0.676048	127.734375	-112.890625
1418.341550	0.719267	127.734375	-112.890625
1418.343551	0.717219	7.889410	0.306641
1419.321614	0.449033	115.820312	199.414062
1419.323616	0.685517	115.820312	199.414062
1419.325620	0.718934	115.820312	199.414062
1419.327621	0.717037	7.887406	0.318667
1420.416189	0.560427	132.324219	-111.621094
1420.418193	0.717499	132.324219	-111.621094
1420.420192	0.718174	7.899912	0.293620
1421.388725	0.507673	117.675781	198.046875
1421.390727	0.708143	117.675781	198.046875
1421.392728	0.718547	117.675781	198.046875
1421.394728	0.716894	7.885829	0.307019
1422.485735	0.531132	128.027344	-110.156250
1422.487736	0.713611	128.027344	-110.156250
1422.489737	0.718515	128.027344	-110.156250
1422.491736	0.718441	7.902854	0.288212
1423.453801	0.496967	113.085937	200.585937
1423.455803	0.704944	113.085937	200.585937
1423.457803	0.718700	113.085937	200.585937
1423.459803	0.717007	7.887079	0.400206
1424.555861	0.424450	142.968750	-111.035156
1424.559861	0.719613	142.968750	-111.035156
1424.561864	0.717479	142.968750	-111.035156
1424.563865	0.716360	7.879962	0.309060
1425.515879	0.426050	112.109375	207.128906
1425.517879	0.673216	112.109375	207.128906
1425.519878	0.719059	112.109375	207.128906
1425.521879	0.717073	7.887806	0.324901
1426.625925	0.646031	146.972656	-113.964844
1426.627927	0.719703	146.972656	-113.964844
1426.631925	0.716207	7.878279	0.277412
1427.588467	0.266757	112.011719	211.621094
1427.590470	0.544106	112.011719	211.621094
1427.594470	0.718295	112.011719	211.621094
1427.596472	0.716702	112.011719	211.621094
1427.598473	0.715706	7.872766	0.322272
1428.690479	0.329330	144.140625	-116.406250
1428.692482	0.602705	144.140625	-116.406250
1428.696480	0.719017	144.140625	-116.406250
1428.698480	0.717606	7.893663	0.310443
1429.662499	1.490082	110.937500	211.132812
1429.664501	0.687268	110.937500	211.132812
1429.666500	0.719294	110.937500	211.132812
1429.668503	0.717365	7.891014	0.292945
1430.753398	0.322058	105.664062	-118.652344
1430.757400	0.719827	105.664062	-118.652344
1430.759400	0.718193	105.664062	-118.652344
1430.761400	0.716832	7.885156	0.300515
1431.735404	0.462262	110.839844	207.324219
1431.737404	0.691800	110.839844	207.324219
1431.739404	0.719131	110.839844	207.324219
1431.741403	0.717284	7.890128	0.308025
1432.817490	0.335369	111.425781	-118.652344
1432.819492	0.607973	111.425781	-118.652344
1432.821494	0.720853	111.425781	-118.652344
1432.823493	0.718838	7.907223	0.316281
1433.809547	0.719113	110.742187	202.050781
1433.811549	0.717590	110.742187	202.050781
1433.813549	0.716656	7.883215	0.310909
1434.887603	0.366687	125.390625	-116.015625
1434.889607	0.633532	125.390625	-116.015625
1434.893605	0.718203	125.390625	-116.015625
1434.895605	0.716845	7.885297	0.296535
1435.870588	0.377089	114.648437	197.851562
1435.872591	0.641172	114.648437	197.851562
1435.874589	0.719684	114.648437	197.851562
1435.876590	0.717462	7.892077	0.329618
1436.958612	0.362802	108.886719	-114.550781
1436.960614	0.630636	108.886719	-114.550781
1436.962614	0.721095	108.886719	-114.550781
1436.964614	0.718658	7.905238	0.294607
1437.938664	0.643006	116.308594	195.410156
1437.940663	0.719925	116.308594	195.410156
1437.942663	0.717572	7.893291	0.308042
1439.031221	0.385219	112.792969	-113.378906
1439.033222	0.647104	112.792969	-113.378906
1439.035222	0.719608	112.792969	-113.378906
1439.037222	0.717350	7.890854	0.291649
1440.003254	0.313031	113.183594	194.238281
1440.005257	0.587979	113.183594	194.238281
1440.007258	0.719977	113.183594	194.238281
1440.009255	0.718675	7.905424	0.321779
1441.099274	0.342388	115.527344	-112.500000
1441.103273	0.723069	115.527344	-112.500000
1441.105275	0.720980	115.527344	-112.500000
1441.107274	0.719339	7.912726	0.305838
1442.069304	0.439100	115.722656	195.996094
1442.071303	0.680510	115.722656	195.996094
1442.073305	0.719410	115.722656	195.996094
1442.075304	0.717351	7.890863	0.320581
1443.171861	0.648838	113.281250	-112.890625
1443.173862	0.719926	113.281250	-112.890625
1443.175862	0.717652	7.894169	0.284217
1444.139935	0.470584	114.355469	197.753906
1444.141937	0.479377	114.355469	197.753906
1444.145936	0.716834	114.355469	197.753906
1444.147939	0.715595	7.871543	0.307595
1445.240591	0.326576	118.066406	-112.792969
1445.242592	0.600271	118.066406	-112.792969
1445.244592	0.720412	118.066406	-112.792969
1445.246592	0.718568	7.904245	0.293314
1446.206603	0.344730	116.210937	198.144531
1446.210605	0.720980	116.210937	198.144531
1446.212605	0.718693	116.210937	198.144531
1446.214605	0.717382	7.891200	0.318364
1447.309549	0.602267	130.175781	-111.914062
1447.311552	0.607546	130.175781	-111.914062
1447.313552	0.721053	7.931586	0.299064
1448.276083	0.427928	113.183594	197.265625
1448.278086	0.674416	113.183594	197.265625
1448.280087	0.719295	113.183594	197.265625
1448.282086	0.717249	7.889738	0.298775
1449.378145	0.425670	110.644531	-113.574219
1449.380148	0.673310	110.644531	-113.574219
1449.382148	0.677247	110.644531	-113.574219
1449.384147	0.719582	7.915403	0.279866
1450.344148	0.441753	113.085937	195.507812
1450.346150	0.681924	113.085937	195.507812
1450.348151	0.684240	113.085937	195.507812
1450.350149	0.717313	7.890447	0.310880
1451.444207	0.392820	113.183594	-113.476562
1451.446211	0.405843	113.183594	-113.476562
1451.448211	0.719653	113.183594	-113.476562
1451.450209	0.717475	7.892228	0.298459
1452.416250	0.498976	111.816406	192.871094
1452.418252	0.705448	111.816406	192.871094
1452.420253	0.718462	111.816406	192.871094
1452.422252	0.716816	7.884979	0.304864
1453.508277	0.294494	127.539062	-113.183594
1453.510279	0.570619	127.539062	-113.183594
1453.512278	0.718103	127.539062	-113.183594
1453.514278	0.717894	7.896836	0.293046
1454.485217	0.281572	113.964844	192.187500
1454.487218	0.558277	113.964844	192.187500
1454.489218	0.717770	113.964844	192.187500
1454.491217	0.718573	7.904307	0.308416
1455.575283	0.358213	102.148437	-115.625000
1455.577284	0.626886	102.148437	-115.625000
1455.579284	0.720836	102.148437	-115.625000
1455.581284	0.718445	7.902898	0.298770
1456.557334	0.589846	115.332031	193.554687
1456.559336	0.719564	115.332031	193.554687
1456.561337	0.718248	7.900727	0.308463
1457.643885	0.480902	95.996094	-118.261719
1457.645888	0.699490	95.996094	-118.261719
1457.647887	0.719023	95.996094	-118.261719
1457.649889	0.717235	7.889586	0.301432
1458.625924	0.412941	111.621094	196.093750
1458.627927	0.665574	111.621094	196.093750
1458.629926	0.719655	111.621094	196.093750
1458.631926	0.719549	7.915040	0.306292
1459.709930	0.374409	115.234375	-120.703125
1459.711932	0.639439	115.234375	-120.703125
1459.713932	0.720971	115.234375	-120.703125
1459.715932	0.718544	7.903988	0.289742
1460.695940	0.535544	112.988281	200.878906
1460.697940	0.714090	112.988281	200.878906
1460.699940	0.718069	112.988281	200.878906
1460.701940	0.716533	7.881867	0.579207
1461.778939	0.552415	112.304687	-122.167969
1461.780942	0.716617	112.304687	-122.167969
1461.782939	0.718026	7.898281	0.300704
1462.759501	0.260216	110.253906	203.906250
1462.761499	0.538065	110.253906	203.906250
1462.763502	0.714966	110.253906	203.906250
1462.765503	0.718482	110.253906	203.906250
1462.767503	0.716981	7.886796	0.308080
1463.851597	0.492547	104.980469	-122.753906
1463.853598	0.703683	104.980469	-122.753906
1463.855598	0.718784	104.980469	-122.753906
1463.857598	0.717086	7.887948	0.353970
1464.827651	0.588065	106.542969	204.882812
1464.829653	0.720167	106.542969	204.882812
1464.831653	0.718752	7.906275	0.829178
1465.923653	0.510231	129.492187	-120.410156
1465.925654	0.708630	129.492187	-120.410156
1465.927655	0.718462	129.492187	-120.410156
1465.929655	0.716808	7.884890	0.296174
1466.891626	0.356378	111.523437	206.054687
1466.893625	0.625750	111.523437	206.054687
1466.895627	0.722332	111.523437	206.054687
1466.897627	0.719876	7.918638	0.296257
1467.992581	0.359623	111.328125	-120.312500
1467.994582	0.628274	111.328125	-120.312500
1467.996582	0.721562	111.328125	-120.312500
1467.998582	0.719062	7.909687	0.299737
1468.958553	0.405626	112.792969	202.343750
1468.960554	0.660816	112.792969	202.343750
1468.962555	0.719561	112.792969	202.343750
1468.964555	0.719455	7.914002	0.308650
1470.065509	0.582836	108.496094	-118.164062
1470.067511	0.718836	108.496094	-118.164062
1470.069511	0.717969	7.897660	0.291201
1471.025556	0.233275	110.253906	195.898437
1471.027558	0.513359	110.253906	195.898437
1471.029559	0.709654	110.253906	195.898437
1471.031558	0.710990	110.253906	195.898437
1471.033558	0.716956	7.886521	0.302338
1472.129636	0.244439	113.671875	-116.503906
1472.131638	0.523665	113.671875	-116.503906
1472.133636	0.712295	113.671875	-116.503906
1472.135638	0.718686	113.671875	-116.503906
1472.137638	0.717016	7.887177	0.298509
1473.101693	0.687870	114.941406	191.699219
1473.103694	0.718834	114.941406	191.699219
1473.105695	0.716998	7.886982	0.295473
1474.196650	0.381732	118.164062	-116.503906
1474.198651	0.644621	118.164062	-116.503906
1474.200653	0.719687	118.164062	-116.503906
1474.202651	0.717402	7.891421	0.293276
1475.169571	0.417330	112.988281	189.550781
1475.173574	0.719245	112.988281	189.550781
1475.175574	0.719019	112.988281	189.550781
1475.177575	0.715990	7.875895	0.298698
1476.267611	0.718001	87.304687	-118.457031
1476.269614	0.716531	7.881842	0.290118
1477.241661	0.403903	111.816406	189.355469
1477.243662	0.659998	111.816406	189.355469
1477.247660	0.717812	111.816406	189.355469
1477.249664	0.716685	7.883534	0.299028
1478.327689	0.554366	108.886719	-120.117187
1478.329694	0.717171	108.886719	-120.117187
1478.331692	0.718277	7.901046	0.654241
1479.312691	0.507801	114.355469	192.187500
1479.314693	0.708227	114.355469	192.187500
1479.316692	0.718669	114.355469	192.187500
1479.318694	0.717006	7.887061	0.437730
1480.395623	0.392070	92.578125	-122.265625
1480.397625	0.651864	92.578125	-122.265625
1480.399624	0.719536	92.578125	-122.265625
1480.401626	0.717302	7.890322	0.294888
1481.381664	0.452976	114.648437	194.628906
1481.385664	0.719156	114.648437	194.628906
1481.387665	0.717229	114.648437	194.628906
1481.391665	0.715204	7.867245	0.292305
1482.460623	0.243498	82.226562	-123.828125
1482.462625	0.522727	82.226562	-123.828125
1482.464625	0.711815	82.226562	-123.828125
1482.466625	0.713016	82.226562	-123.828125
1482.468624	0.716886	7.885750	0.307242
1483.450694	0.493112	112.500000	195.898437
1483.452695	0.704028	112.500000	195.898437
1483.454696	0.719140	112.500000	195.898437
1483.456697	0.717441	7.891847	0.364196
1484.530764	0.350701	87.304687	-124.511719
1484.532764	0.621006	87.304687	-124.511719
1484.534764	0.625116	87.304687	-124.511719
1484.536765	0.718803	7.906833	0.292864
1485.516756	0.279064	110.742187	196.289062
1485.518757	0.555911	110.742187	196.289062
1485.520758	0.718038	110.742187	196.289062
1485.522759	0.719110	7.910210	0.301743
1486.600836	0.411533	92.968750	-124.414062
1486.602839	0.664622	92.968750	-124.414062
1486.604844	0.719465	92.968750	-124.414062
1486.606842	0.717348	7.890828	0.295076
1487.584880	0.320630	111.132812	196.875000
1487.586882	0.595020	111.132812	196.875000
1487.588883	0.720733	111.132812	196.875000
1487.590882	0.719083	7.909917	0.306862
1488.666944	0.238485	85.351562	-125.292969
1488.668945	0.518230	85.351562	-125.292969
1488.670946	0.711257	85.351562	-125.292969
1488.672948	0.718859	85.351562	-125.292969
1488.674945	0.717169	7.888860	0.298237
1489.654971	0.437932	112.890625	195.996094
1489.656973	0.679870	112.890625	195.996094
1489.658974	0.719186	112.890625	195.996094
1489.660972	0.717150	7.888648	0.305976
1490.735550	0.367875	84.375000	-125.000000
1490.737552	0.634528	84.375000	-125.000000
1490.739552	0.720483	84.375000	-125.000000
1490.741552	0.718076	7.898839	0.294900
1491.723564	0.504401	113.183594	194.531250
1491.725567	0.706877	113.183594	194.531250
1491.727566	0.718298	113.183594	194.531250
1491.729566	0.716658	7.883241	0.425579
1492.807601	0.698513	74.707031	-124.414062
1492.809604	0.719131	74.707031	-124.414062
1492.811604	0.717346	7.890801	0.288764
1493.790096	0.306858	112.402344	192.382812
1493.792099	0.582236	112.402344	192.382812
1493.794099	0.719759	112.402344	192.382812
1493.798096	0.717350	7.890854	0.299018
1494.874166	0.312181	76.953125	-122.558594
1494.876168	0.587257	76.953125	-122.558594
1494.878168	0.719495	76.953125	-122.558594
1494.880169	0.718247	7.900718	0.294127
1495.858223	0.382730	113.378906	189.843750
1495.860224	0.645211	113.378906	189.843750
1495.862225	0.719453	113.378906	189.843750
1495.864225	0.717248	7.889729	0.301562
1496.946278	0.514114	90.722656	-121.093750
1496.948280	0.709753	90.722656	-121.093750
1496.950280	0.718394	90.722656	-121.093750
1496.952280	0.716798	7.884775	0.286891
1497.924359	0.323535	112.792969	186.718750
1497.926360	0.597563	112.792969	186.718750
1497.928360	0.720320	112.792969	186.718750
1497.930360	0.718623	7.904857	0.298824
1499.014406	0.287581	90.039062	-120.507812
1499.016408	0.564109	90.039062	-120.507812
1499.018407	0.718193	90.039062	-120.507812
1499.020408	0.718428	7.902703	0.295532
1499.990441	0.398744	111.425781	185.937500
1499.992442	0.656375	111.425781	185.937500
1499.994443	0.719532	111.425781	185.937500
1499.996442	0.717372	7.891093	0.303358
1501.086956	0.391770	85.351562	-120.312500
1501.088959	0.651578	85.351562	-120.312500
1501.090958	0.719577	85.351562	-120.312500
1501.092958	0.717337	7.890704	0.279529
1502.059001	0.707597	115.527344	189.257812
1502.061004	0.718971	115.527344	189.257812
1502.063003	0.717301	7.890314	0.426960
1503.157001	0.360030	99.023437	-120.410156
1503.159003	0.628357	99.023437	-120.410156
1503.161004	0.720869	99.023437	-120.410156
1503.163005	0.718428	7.902712	0.290747
1504.123043	0.363786	113.867187	192.675781
1504.125044	0.376132	113.867187	192.675781
1504.127045	0.720270	113.867187	192.675781
1504.129045	0.717903	7.896934	0.298693
1505.228008	0.443990	110.156250	-122.167969
1505.230011	0.682831	110.156250	-122.167969
1505.232010	0.718914	110.156250	-122.167969
1505.234009	0.717048	7.887531	0.286220
1506.190597	0.377811	110.449219	195.703125
1506.192599	0.389340	110.449219	195.703125
1506.194599	0.719799	110.449219	195.703125
1506.196600	0.717532	7.892857	0.296844
1507.296670	0.556973	111.914062	-124.511719
1507.298671	0.717466	111.914062	-124.511719
1507.300672	0.717947	7.897421	0.663122
1508.261633	0.464640	109.570312	198.828125
1508.263634	0.692705	109.570312	198.828125
1508.265635	0.718842	109.570312	198.828125
1508.267634	0.717052	7.887575	0.290263
1509.362174	0.412571	101.464844	-126.562500
1509.364173	0.665229	101.464844	-126.562500
1509.366177	0.719364	101.464844	-126.562500
1509.368174	0.717192	7.889117	0.291496
1510.332222	0.404012	109.765625	199.609375
1510.334223	0.659693	109.765625	199.609375
1510.336226	0.719192	109.765625	199.609375
1510.338224	0.717043	7.887477	0.291338
1511.427191	0.286550	90.917969	-128.417969
1511.429192	0.563184	90.917969	-128.417969
1511.431192	0.718530	90.917969	-128.417969
1511.433192	0.718891	7.907799	0.293515
1512.407263	0.717051	105.761719	197.460937
1512.409265	0.718257	105.761719	197.460937
1512.411265	0.716754	7.884296	0.652478
1513.493307	0.421942	87.792969	-129.101562
1513.497308	0.719272	87.792969	-129.101562
1513.499308	0.717178	87.792969	-129.101562
1513.501307	0.715953	7.875487	0.295476
1514.473333	0.376329	108.593750	195.996094
1514.475334	0.640717	108.593750	195.996094
1514.477335	0.719892	108.593750	195.996094
1514.479333	0.717584	7.893424	0.297745
1515.559385	0.316722	84.375000	-129.296875
1515.561386	0.591348	84.375000	-129.296875
1515.565384	0.718749	84.375000	-129.296875
1515.567388	0.717396	7.891359	0.291958
1516.545424	0.361070	110.449219	193.164062
1516.547426	0.629238	110.449219	193.164062
1516.549426	0.721048	110.449219	193.164062
1516.551427	0.718600	7.904600	0.288181
1517.627516	0.462906	70.312500	-129.589844
1517.629516	0.692132	70.312500	-129.589844
1517.631515	0.719029	70.312500	-129.589844
1517.633515	0.717159	7.888754	0.289880
1518.613559	0.348596	111.621094	190.234375
1518.615561	0.619073	111.621094	190.234375
1518.617562	0.720965	111.621094	190.234375
1518.619563	0.718690	7.905592	0.294620
1519.695621	0.249592	77.343750	-128.417969
1519.697624	0.528371	77.343750	-128.417969
1519.699625	0.713834	77.343750	-128.417969
1519.701625	0.719256	77.343750	-128.417969
1519.703625	0.717605	7.893655	0.282817
1520.681637	0.573958	113.085937	186.425781
1520.683639	0.718746	113.085937	186.425781
1520.685639	0.718246	7.900701	0.757781
1521.762576	0.268070	80.566406	-127.441406
1521.764584	0.545352	80.566406	-127.441406
1521.766589	0.717222	80.566406	-127.441406
1521.768589	0.719391	80.566406	-127.441406
1521.770590	0.717806	7.895861	0.291988
1522.748617	0.386531	112.402344	184.179687
1522.750620	0.647950	112.402344	184.179687
1522.752618	0.719576	112.402344	184.179687
1522.754621	0.717300	7.890296	0.292765
1523.837169	0.694509	86.621094	-125.878906
1523.839173	0.718894	86.621094	-125.878906
1523.841171	0.717068	7.887743	0.278443
1524.815763	0.518773	112.402344	183.007812
1524.817764	0.710742	112.402344	183.007812
1524.819765	0.718362	112.402344	183.007812
1524.821767	0.716765	7.884420	0.491302
1525.905815	0.681301	86.328125	-125.195312
1525.907818	0.720085	86.328125	-125.195312
1525.909818	0.717976	7.897731	0.279928
1526.884379	0.521120	114.648437	183.300781
1526.886382	0.711648	114.648437	183.300781
1526.888382	0.718662	114.648437	183.300781
1526.890381	0.717043	7.887469	0.291537
1527.972962	0.548051	94.824219	-124.902344
1527.974964	0.715869	94.824219	-124.902344
1527.976963	0.717899	7.896889	0.295378
1528.955003	0.702091	112.890625	182.226562
1528.957004	0.718990	112.890625	182.226562
1528.959004	0.717272	7.889995	0.333667
1530.043039	0.681744	62.109375	-126.367187
1530.045041	0.718982	62.109375	-126.367187
1530.047040	0.717080	7.887877	0.280316
1531.021510	0.508502	111.718750	181.835937
1531.023510	0.708324	111.718750	181.835937
1531.025510	0.718568	111.718750	181.835937
1531.027511	0.716920	7.886122	0.297038
1532.107525	0.341208	91.796875	-126.074219
1532.109529	0.612961	91.796875	-126.074219
1532.111528	0.720911	91.796875	-126.074219
1532.113528	0.718703	7.905734	0.291299
1533.090111	0.351004	112.792969	183.203125
1533.092114	0.621136	112.792969	183.203125
1533.094119	0.720968	112.792969	183.203125
1533.096115	0.718706	7.905761	0.292792
1534.178192	0.702924	88.476562	-125.878906
1534.180195	0.718794	88.476562	-125.878906
1534.182194	0.717015	7.887167	0.330920
1535.159098	0.238906	113.378906	185.839844
1535.161100	0.518564	113.378906	185.839844
1535.163100	0.710611	113.378906	185.839844
1535.165099	0.718229	113.378906	185.839844
1535.167099	0.716567	7.882232	0.287840
1536.243131	0.350447	90.527344	-126.562500
1536.245132	0.621061	90.527344	-126.562500
1536.247133	0.625689	90.527344	-126.562500
1536.249132	0.720896	7.929857	0.289445
1537.227162	0.381304	113.476562	188.183594
1537.229162	0.644182	113.476562	188.183594
1537.231164	0.719411	113.476562	188.183594
1537.233163	0.717245	7.889693	0.299867
1538.311233	0.403403	88.378906	-128.808594
1538.313235	0.659561	88.378906	-128.808594
1538.315237	0.719753	88.378906	-128.808594
1538.317237	0.717443	7.891873	0.285987
1539.297268	0.319595	109.960937	189.453125
1539.299270	0.594004	109.960937	189.453125
1539.301270	0.720424	109.960937	189.453125
1539.303270	0.720548	7.926029	0.283278
1540.379332	0.350349	62.890625	-131.640625
1540.383332	0.721541	62.890625	-131.640625
1540.385333	0.719082	62.890625	-131.640625
1540.387335	0.717749	7.895241	0.283089
1541.367339	0.592279	112.109375	192.480469
1541.369341	0.719698	112.109375	192.480469
1541.371340	0.718296	7.901258	0.283813
1542.449945	0.484490	79.785156	-131.835937
1542.451945	0.701012	79.785156	-131.835937
1542.453945	0.719112	79.785156	-131.835937
1542.455945	0.717350	7.890854	0.313445
1543.430507	0.478546	109.765625	193.945312
1543.432509	0.698482	109.765625	193.945312
1543.434510	0.700558	109.765625	193.945312
1543.436513	0.717151	7.888665	0.291460
1544.520571	0.394135	89.453125	-131.542969
1544.522575	0.653181	89.453125	-131.542969
1544.524572	0.719344	89.453125	-131.542969
1544.528572	0.715800	7.873803	0.281062
1545.498576	0.510373	106.933594	194.238281
1545.500578	0.709121	106.933594	194.238281
1545.502578	0.718892	106.933594	194.238281
1545.504578	0.717231	7.889543	0.444919
1546.588628	1.917648	76.855469	-132.128906
1546.590630	0.488340	76.855469	-132.128906
1546.592629	0.703279	76.855469	-132.128906
1546.594631	0.720749	76.855469	-132.128906
1546.596630	0.718685	7.905540	0.294978
1547.562685	0.222378	109.863281	195.312500
1547.564687	0.503244	109.863281	195.312500
1547.566687	0.706720	109.863281	195.312500
1547.568687	0.718461	109.863281	195.312500
1547.570687	0.716807	7.884872	0.290960
1548.663655	0.644356	92.871094	-130.957031
1548.665656	0.719828	92.871094	-130.957031
1548.669655	0.716297	7.879262	0.281749
1549.630222	0.431168	109.960937	193.945312
1549.632224	0.675989	109.960937	193.945312
1549.634224	0.718851	109.960937	193.945312
1549.636224	0.716871	7.885581	0.288864
1550.730781	0.452622	106.054687	-129.296875
1550.732785	0.687227	106.054687	-129.296875
1550.734785	0.718960	106.054687	-129.296875
1550.736784	0.717091	7.888000	0.282036
1551.696790	0.450135	111.621094	191.796875
1551.698793	0.686116	111.621094	191.796875
1551.700793	0.689037	111.621094	191.796875
1551.702790	0.717167	7.888834	0.288393
1552.799751	0.212855	80.468750	-128.906250
1552.801754	0.494558	80.468750	-128.906250
1552.803753	0.704183	80.468750	-128.906250
1552.805754	0.718620	80.468750	-128.906250
1552.807754	0.716978	7.886760	0.284398
1553.765799	0.254345	109.765625	187.500000
1553.767801	0.532689	109.765625	187.500000
1553.769804	0.713942	109.765625	187.500000
1553.771803	0.718375	109.765625	187.500000
1553.773809	0.716829	7.885120	0.281523
1554.867889	0.292950	103.027344	-125.976562
1554.869892	0.569239	103.027344	-125.976562
1554.871891	0.719492	103.027344	-125.976562
1554.873891	0.719370	7.913072	0.288590
1555.835900	0.498124	109.960937	184.082031
1555.837903	0.705004	109.960937	184.082031
1555.839903	0.718307	109.960937	184.082031
1555.841903	0.716687	7.883561	0.287433
1556.935957	0.341938	94.824219	-125.488281
1556.937960	0.613516	94.824219	-125.488281
1556.939959	0.720862	94.824219	-125.488281
1556.941960	0.718693	7.905628	0.290996
1557.906608	0.623256	115.527344	183.007812
1557.908611	0.719989	115.527344	183.007812
1557.912609	0.716544	7.881983	0.281172
1559.001173	0.334952	72.851562	-125.781250
1559.003175	0.607664	72.851562	-125.781250
1559.007172	0.719208	72.851562	-125.781250
1559.009173	0.717773	7.895507	0.287327
1559.977304	0.653326	114.843750	181.054687
1559.979305	0.719470	114.843750	181.054687
1559.981306	0.717271	7.889986	0.291670
1561.069917	0.676424	80.468750	-126.367187
1561.071920	0.718992	80.468750	-126.367187
1561.073919	0.716995	7.886946	0.288485
1562.044426	0.287592	113.281250	179.296875
1562.046428	0.564008	113.281250	179.296875
1562.048430	0.718332	113.281250	179.296875
1562.050428	0.718769	7.906460	0.287191
1563.138504	0.705041	67.578125	-127.929687
1563.140508	0.718391	67.578125	-127.929687
1563.142506	0.716688	7.883570	0.378385
1564.112575	0.367579	115.039062	179.492187
1564.114579	0.634039	115.039062	179.492187
1564.116577	0.720208	115.039062	179.492187
1564.118578	0.717879	7.896667	0.294516
1565.206621	0.642044	53.808594	-129.492187
1565.208623	0.719510	53.808594	-129.492187
1565.210624	0.717243	7.889676	0.274982
1566.187137	0.618334	115.625000	180.078125
1566.189138	0.719852	115.625000	180.078125
1566.191139	0.717763	7.895392	0.280640
1567.271712	0.486136	68.066406	-129.589844
1567.273714	0.701198	68.066406	-129.589844
1567.275714	0.718600	68.066406	-129.589844
1567.277714	0.716910	7.886007	0.321030
1568.257776	0.711737	111.328125	179.199219
1568.259778	0.718480	111.328125	179.199219
1568.261777	0.716865	7.885519	0.289600
1569.339827	0.650324	55.468750	-130.859375
1569.341828	0.719411	55.468750	-130.859375
1569.343829	0.717247	7.889720	0.278883
1570.321855	0.421451	111.621094	179.394531
1570.323856	0.670718	111.621094	179.394531
1570.325857	0.719674	111.621094	179.394531
1570.327857	0.717562	7.893185	0.284881
1571.409933	0.696210	67.285156	-131.054687
1571.411935	0.719194	67.285156	-131.054687
1571.413934	0.717382	7.891200	0.277067
1572.392011	0.543790	110.937500	179.101562
1572.394010	0.716021	110.937500	179.101562
1572.396010	0.718400	110.937500	179.101562
1572.398010	0.716865	7.885519	0.284799
1573.478032	0.696630	72.949219	-131.347656
1573.480035	0.719023	72.949219	-131.347656
1573.482033	0.717192	7.889117	0.270513
1574.460969	0.672152	114.746094	179.492187
1574.462971	0.719584	114.746094	179.492187
1574.464972	0.717446	7.891909	0.274580
1575.545503	0.556346	53.027344	-131.347656
1575.547506	0.716966	53.027344	-131.347656
1575.549505	0.718084	7.898919	0.282402
1576.525531	0.225848	113.378906	178.613281
1576.527533	0.506515	113.378906	178.613281
1576.529533	0.708601	113.378906	178.613281
1576.531533	0.719579	113.378906	178.613281
1576.533533	0.717825	7.896074	0.281983
1577.611562	0.274449	67.285156	-130.371094
1577.613565	0.551403	67.285156	-130.371094
1577.615566	0.717379	67.285156	-130.371094
1577.617567	0.718861	7.907471	0.286399
1578.595625	0.488062	111.621094	177.343750
1578.597627	0.701616	111.621094	177.343750
1578.599628	0.718317	111.621094	177.343750
1578.601627	0.716646	7.883109	0.336455
1579.685661	0.671577	77.343750	-129.101562
1579.687663	0.719706	77.343750	-129.101562
1579.689664	0.717563	7.893194	0.277228
1580.662249	0.582933	111.718750	177.050781
1580.664250	0.718993	111.718750	177.050781
1580.666249	0.718079	7.898866	0.281768
1581.752749	0.400048	81.152344	-127.734375
1581.754752	0.657242	81.152344	-127.734375
1581.756751	0.719431	81.152344	-127.734375
1581.758751	0.717202	7.889224	0.272249
1582.731730	0.720320	117.187500	178.906250
1582.733731	0.718222	117.187500	178.906250
1582.735731	0.716857	7.885430	0.282361
1583.822689	0.371963	77.441406	-127.148437
1583.824692	0.637521	77.441406	-127.148437
1583.826691	0.720272	77.441406	-127.148437
1583.828691	0.717946	7.897403	0.278708
1584.795267	0.483150	117.187500	180.273437
1584.797268	0.700141	117.187500	180.273437
1584.799267	0.718715	117.187500	180.273437
1584.801268	0.716979	7.886769	0.282430
1585.891872	0.398096	66.894531	-127.832031
1585.893873	0.656205	66.894531	-127.832031
1585.895873	0.720239	66.894531	-127.832031
1585.897873	0.717930	7.897226	0.282313
1586.861922	0.495020	112.207031	180.468750
1586.863924	0.704291	112.207031	180.468750
1586.865924	0.718721	112.207031	180.468750
1586.867924	0.717068	7.887753	0.364148
1587.961981	0.464137	75.585937	-128.613281
1587.963982	0.692837	75.585937	-128.613281
1587.965982	0.719365	75.585937	-128.613281
1587.967982	0.717462	7.892077	0.277920
1588.930021	0.496702	112.109375	183.007812
1588.932025	0.705108	112.109375	183.007812
1588.934029	0.718956	112.109375	183.007812
1588.936027	0.717221	7.889427	0.363554
1590.032066	0.578067	93.652344	-128.906250
1590.034068	0.718921	93.652344	-128.906250
1590.036068	0.718205	7.900257	0.274700
1590.997021	0.363214	111.230469	185.546875
1590.999024	0.630724	111.230469	185.546875
1591.001023	0.720244	111.230469	185.546875
1591.003023	0.720194	7.922129	0.276635
1592.101063	0.664039	81.054687	-131.445312
1592.103066	0.719112	81.054687	-131.445312
1592.105067	0.716980	7.886778	0.285925
1593.065081	0.375052	108.593750	186.718750
1593.067080	0.639655	108.593750	186.718750
1593.069081	0.719706	108.593750	186.718750
1593.071080	0.717444	7.891882	0.280798
1594.167128	0.335434	80.761719	-133.398437
1594.169131	0.607888	80.761719	-133.398437
1594.171129	0.719613	80.761719	-133.398437
1594.173130	0.717673	7.894399	0.282348
1595.135151	0.293010	111.621094	189.746094
1595.137153	0.569125	111.621094	189.746094
1595.139153	0.719485	111.621094	189.746094
1595.141153	0.719257	7.911822	0.282086
1596.233187	0.264253	70.019531	-135.253906
1596.235190	0.541803	70.019531	-135.253906
1596.239198	0.723827	70.019531	-135.253906
1596.243199	0.720839	70.019531	-135.253906
1596.247200	0.719360	7.912957	0.287159
1597.205274	0.434088	107.617187	189.550781
1597.207275	0.677659	107.617187	189.550781
1597.209277	0.719041	107.617187	189.550781
1597.211277	0.717063	7.887691	0.280605
1598.301370	0.472997	66.992187	-136.328125
1598.303373	0.696116	66.992187	-136.328125
1598.305374	0.718683	66.992187	-136.328125
1598.307375	0.716898	7.885882	0.282210
1599.277395	0.692741	106.835937	188.964844
1599.279396	0.718688	106.835937	188.964844
1599.281396	0.716927	7.886193	0.271807
1600.369407	0.499028	57.714844	-137.695312
1600.371409	0.705614	57.714844	-137.695312
1600.373409	0.718640	57.714844	-137.695312
1600.375409	0.716993	7.886928	0.379243
1601.345463	0.383873	111.132812	189.550781
1601.347464	0.645987	111.132812	189.550781
1601.349463	0.719567	111.132812	189.550781
1601.351465	0.719485	7.914330	0.278985
1602.433498	0.262603	77.343750	-137.304687
1602.435502	0.540260	77.343750	-137.304687
1602.437501	0.717017	77.343750	-137.304687
1602.439499	0.720468	77.343750	-137.304687
1602.441499	0.718624	7.904865	0.284691
1603.415513	0.353799	108.691406	187.402344
1603.417517	0.623286	108.691406	187.402344
1603.419516	0.720410	108.691406	187.402344
1603.421516	0.718145	7.899592	0.277521
1604.501543	0.400431	65.234375	-138.671875
1604.503545	0.657415	65.234375	-138.671875
1604.505547	0.719473	65.234375	-138.671875
1604.507546	0.717250	7.889755	0.279043
1605.488076	0.705655	109.863281	185.644531
1605.490077	0.718614	109.863281	185.644531
1605.492079	0.716963	7.886591	0.387500
1606.566610	0.299493	64.355469	-139.062500
1606.568612	0.575388	64.355469	-139.062500
1606.570610	0.718726	64.355469	-139.062500
1606.572612	0.718150	7.899646	0.288936
1607.554688	0.342216	111.328125	184.277344
1607.556691	0.613698	111.328125	184.277344
1607.558690	0.719935	111.328125	184.277344
1607.560689	0.717893	7.896819	0.283822
1608.635298	0.235803	56.054687	-138.867187
1608.637300	0.515644	56.054687	-138.867187
1608.639299	0.710404	56.054687	-138.867187
1608.641300	0.718743	56.054687	-138.867187
1608.643299	0.717102	7.888124	0.284217
1609.625355	0.604955	113.378906	183.203125
1609.627357	0.719344	113.378906	183.203125
1609.629356	0.717670	7.894373	0.277265
1610.703389	0.310293	55.664062	-137.988281
1610.705391	0.585532	55.664062	-137.988281
1610.707390	0.720029	55.664062	-137.988281
1610.709392	0.718798	7.906780	0.281960
1611.693420	0.656660	113.085937	181.933594
1611.695421	0.719178	113.085937	181.933594
1611.697421	0.716984	7.886822	0.274749
1612.772014	0.239139	58.886719	-137.597656
1612.774018	0.518726	58.886719	-137.597656
1612.776022	0.710970	58.886719	-137.597656
1612.778025	0.718539	58.886719	-137.597656
1612.780025	0.716916	7.886077	0.275724
1613.760552	0.418933	111.230469	180.175781
1613.762552	0.669220	111.230469	180.175781
1613.764553	0.719449	111.230469	180.175781
1613.766551	0.719354	7.912895	0.270696
1614.840643	0.440104	48.925781	-138.085937
1614.842644	0.681100	48.925781	-138.085937
1614.844645	0.719363	48.925781	-138.085937
1614.846644	0.717388	7.891271	0.280582
1615.828659	0.593051	112.011719	179.003906
1615.832660	0.718209	112.011719	179.003906
1615.836659	0.715950	7.875452	0.281018
1616.908739	0.403402	52.148437	-137.500000
1616.910740	0.659528	52.148437	-137.500000
1616.912741	0.719768	52.148437	-137.500000
1616.914739	0.717524	7.892759	0.283303
1617.898803	0.716653	111.328125	179.296875
1617.900807	0.718580	111.328125	179.296875
1617.902806	0.717039	7.887424	0.279673
1618.976857	0.353339	46.191406	-137.695312
1618.978860	0.623046	46.191406	-137.695312
1618.980857	0.721083	46.191406	-137.695312
1618.984858	0.717380	7.891182	0.279305
1619.964883	0.352378	110.351562	179.296875
1619.966886	0.622334	110.351562	179.296875
1619.968885	0.721728	110.351562	179.296875
1619.970886	0.719320	7.912523	0.279570
1621.045005	0.431134	52.050781	-138.183594
1621.049005	0.719104	52.050781	-138.183594
1621.051006	0.717111	52.050781	-138.183594
1621.055005	0.715029	7.865322	0.277857
1622.031014	1.932182	112.597656	180.761719
1622.033016	0.533053	112.597656	180.761719
1622.035017	0.714801	112.597656	180.761719
1622.037016	0.719313	112.597656	180.761719
1622.039017	0.717707	7.894772	0.284030
1623.117102	0.650318	43.750000	-138.867187
1623.119104	0.719705	43.750000	-138.867187
1623.121103	0.717411	7.891519	0.275828
1624.103153	0.374138	111.523437	181.250000
1624.105156	0.638997	111.523437	181.250000
1624.107155	0.719512	111.523437	181.250000
1624.109154	0.717267	7.889941	0.271967
1625.183255	0.450447	47.753906	-139.550781
1625.185259	0.686278	47.753906	-139.550781
1625.187257	0.719276	47.753906	-139.550781
1625.189257	0.717331	7.890642	0.275751
1626.169291	0.279882	111.523437	182.324219
1626.173293	0.717579	111.523437	182.324219
1626.175294	0.718551	111.523437	182.324219
1626.177294	0.717083	7.887912	0.277220
1627.251310	0.392587	45.507812	-140.429687
1627.253313	0.652333	45.507812	-140.429687
1627.257309	0.717644	45.507812	-140.429687
1627.259311	0.716436	7.880795	0.274649
1628.237363	0.383924	109.960937	183.105469
1628.239365	0.646204	109.960937	183.105469
1628.241364	0.719755	109.960937	183.105469
1628.243364	0.717478	7.892254	0.280150
1629.321452	0.320540	61.621094	-140.917969
1629.323455	0.594962	61.621094	-140.917969
1629.325453	0.720152	61.621094	-140.917969
1629.327453	0.718525	7.903776	0.276804
1630.304443	0.314149	108.593750	183.593750
1630.306446	0.588932	108.593750	183.593750
1630.308446	0.719751	108.593750	183.593750
1630.310446	0.718515	7.903660	0.280752
1631.396521	0.719359	52.636719	-141.113281
1631.398523	0.717191	52.636719	-141.113281
1631.400525	0.717143	7.888568	0.270448
1632.372536	0.490110	108.300781	184.472656
1632.374538	0.702501	108.300781	184.472656
1632.376539	0.718515	108.300781	184.472656
1632.378537	0.716833	7.885165	0.341210
1633.460600	0.464475	70.312500	-140.625000
1633.462602	0.692750	70.312500	-140.625000
1633.464602	0.719108	70.312500	-140.625000
1633.466602	0.717267	7.889941	0.275626
1634.438670	0.289720	106.542969	184.863281
1634.440673	0.566066	106.542969	184.863281
1634.442673	0.718920	106.542969	184.863281
1634.444673	0.718986	7.908844	0.277405
1635.530715	0.531014	50.488281	-140.917969
1635.532719	0.713743	50.488281	-140.917969
1635.534723	0.718633	50.488281	-140.917969
1635.536726	0.717055	7.887610	0.520201
1636.508798	0.695746	110.546875	186.328125
1636.510800	0.718911	110.546875	186.328125
1636.512800	0.717164	7.888807	0.267626
1637.600825	0.367655	56.738281	-140.136719
1637.602825	0.634222	56.738281	-140.136719
1637.604825	0.720444	56.738281	-140.136719
1637.606826	0.718147	7.899620	0.274782
1638.572812	0.395771	106.250000	184.863281
1638.574813	0.654517	106.250000	184.863281
1638.576817	0.719991	106.250000	184.863281
1638.578816	0.717721	7.894931	0.272038
1639.666856	0.237428	83.496094	-138.769531
1639.668857	0.517184	83.496094	-138.769531
1639.670858	0.710641	83.496094	-138.769531
1639.672857	0.718593	83.496094	-138.769531
1639.674857	0.716920	7.886122	0.285172
1640.642857	0.703943	111.328125	185.351562
1640.644856	0.718482	111.328125	185.351562
1640.646859	0.716762	7.884385	0.350000
1641.738890	0.414654	72.558594	-138.378906
1641.740891	0.666362	72.558594	-138.378906
1641.742891	0.719108	72.558594	-138.378906
1641.744890	0.717060	7.887655	0.277864
1642.706920	0.320793	111.035156	183.593750
1642.708920	0.595095	111.035156	183.593750
1642.710921	0.720991	111.035156	183.593750
1642.712919	0.719300	7.912301	0.272979
1643.809492	0.476785	62.695312	-137.792969
1643.811495	0.697930	62.695312	-137.792969
1643.813497	0.719212	62.695312	-137.792969
1643.815496	0.717372	7.891093	0.269185
1644.773556	0.331745	109.570312	181.152344
1644.775558	0.604802	109.570312	181.152344
1644.777558	0.720496	109.570312	181.152344
1644.779558	0.718534	7.903873	0.276496
1645.877602	0.495428	67.187500	-136.816406
1645.879604	0.704649	67.187500	-136.816406
1645.883603	0.717234	67.187500	-136.816406
1645.885604	0.716199	7.878190	0.359218
1646.845617	0.593780	111.523437	179.296875
1646.847619	0.718769	111.523437	179.296875
1646.849619	0.717402	7.891421	0.268265
1647.944200	0.307061	62.792969	-136.035156
1647.946204	0.582543	62.792969	-136.035156
1647.948204	0.720231	62.792969	-136.035156
1647.950203	0.719106	7.910165	0.277046
1648.912229	0.615387	113.867187	177.832031
1648.914229	0.719577	113.867187	177.832031
1648.916229	0.717555	7.893106	0.272582
1650.012781	0.375756	59.375000	-135.058594
1650.014782	0.640693	59.375000	-135.058594
1650.016783	0.721759	59.375000	-135.058594
1650.018784	0.719134	7.910476	0.276976
1650.980801	0.279526	111.328125	174.414062
1650.982804	0.556260	111.328125	174.414062
1650.984804	0.717052	111.328125	174.414062
1650.986804	0.718101	7.899114	0.264643
1652.080843	0.439528	54.296875	-135.937500
1652.082842	0.680740	54.296875	-135.937500
1652.084843	0.719311	54.296875	-135.937500
1652.086843	0.717329	7.890624	0.269762
1653.050936	0.490200	114.160156	173.535156
1653.052944	0.702498	114.160156	173.535156
1653.054947	0.718405	114.160156	173.535156
1653.056948	0.716730	7.884030	0.270040
1654.149530	0.520548	72.656250	-134.765625
1654.151532	0.711376	72.656250	-134.765625
1654.153532	0.718486	72.656250	-134.765625
1654.155533	0.716897	7.885864	0.270224
1655.118479	0.378118	116.015625	173.046875
1655.120479	0.641912	116.015625	173.046875
1655.122478	0.719410	116.015625	173.046875
1655.124477	0.717257	7.889826	0.274284
1656.215406	0.320015	53.613281	-135.449219
1656.219406	0.720314	53.613281	-135.449219
1656.221408	0.718772	53.613281	-135.449219
1656.223409	0.717328	7.890606	0.270768
1657.189453	0.386090	111.132812	170.312500
1657.191455	0.647644	111.132812	170.312500
1657.193456	0.719337	111.132812	170.312500
1657.195454	0.717182	7.889002	0.268906
1658.283567	0.401344	50.585937	-135.937500
1658.285569	0.658241	50.585937	-135.937500
1658.287569	0.719904	50.585937	-135.937500
1658.289569	0.719777	7.917548	0.271158
1659.257610	0.342292	111.230469	169.726562
1659.259612	0.613727	111.230469	169.726562
1659.261612	0.719582	111.230469	169.726562
1659.263613	0.717601	7.893610	0.275664
1660.351633	0.431812	59.570312	-135.351562
1660.357635	0.717089	59.570312	-135.351562
1660.359637	0.715911	59.570312	-135.351562
1660.361636	0.714964	7.864604	0.276109
1661.325681	0.320357	116.894531	171.289062
1661.327681	0.594765	116.894531	171.289062
1661.331679	0.719037	116.894531	171.289062
1661.333681	0.717580	7.893380	0.269564
1662.417687	0.272117	45.019531	-136.035156
1662.419690	0.549253	45.019531	-136.035156
1662.421691	0.717394	45.019531	-136.035156
1662.423691	0.719278	7.912053	0.278161
1663.393734	0.278533	112.988281	169.726562
1663.395737	0.555318	112.988281	169.726562
1663.397737	0.717239	112.988281	169.726562
1663.399736	0.718449	7.902942	0.272721
1664.487798	0.497116	50.781250	-136.230469
1664.489801	0.704891	50.781250	-136.230469
1664.491800	0.718625	50.781250	-136.230469
1664.493801	0.716952	7.886468	0.370125
1665.465853	0.678887	117.089844	170.996094
1665.467855	0.719571	117.089844	170.996094
1665.469855	0.717587	7.893459	0.263695
1666.555869	0.371399	56.347656	-136.816406
1666.557870	0.637104	56.347656	-136.816406
1666.559872	0.720198	56.347656	-136.816406
1666.561875	0.717871	7.896579	0.271938
1667.530440	0.421138	115.625000	169.531250
1667.532442	0.670447	115.625000	169.531250
1667.534442	0.719333	115.625000	169.531250
1667.536441	0.719221	7.911432	0.274585
1668.625003	0.495993	43.945312	-137.402344
1668.627005	0.704684	43.945312	-137.402344
1668.629005	0.718841	43.945312	-137.402344
1668.631005	0.717108	7.888187	0.355131
1669.603025	0.640098	111.621094	168.945312
1669.605028	0.643726	111.621094	168.945312
1669.607027	0.717201	7.889206	0.267365
1670.695051	0.633482	60.449219	-136.230469
1670.697053	0.720281	60.449219	-136.230469
1670.699052	0.718029	7.898316	0.265650
1671.669582	0.492722	112.988281	169.433594
1671.673584	0.718462	112.988281	169.433594
1671.675586	0.716822	112.988281	169.433594
1671.677586	0.715679	7.872465	0.270029
1672.763624	0.615904	55.078125	-136.621094
1672.765633	0.720404	55.078125	-136.621094
1672.767636	0.718213	7.900346	0.274174
1673.737703	0.667458	111.816406	168.652344
1673.739706	0.719287	111.816406	168.652344
1673.743703	0.715994	7.875939	0.271344
1674.829740	0.293360	42.480469	-137.402344
1674.831742	0.569584	42.480469	-137.402344
1674.833741	0.718391	42.480469	-137.402344
1674.835743	0.718211	7.900319	0.275032
1675.805787	0.718001	110.839844	168.457031
1675.807790	0.717865	7.896518	0.270312
1676.900271	0.472271	64.453125	-137.109375
1676.902273	0.696049	64.453125	-137.109375
1676.904273	0.719070	64.453125	-137.109375
1676.906273	0.717274	7.890012	0.269376
1677.870843	0.586474	115.332031	170.898437
1677.872845	0.718642	115.332031	170.898437
1677.874844	0.717583	7.893415	0.269658
1678.969404	0.386249	57.324219	-137.500000
1678.971405	0.647785	57.324219	-137.500000
1678.973406	0.719494	57.324219	-137.500000
1678.975407	0.717196	7.889153	0.275767
1679.939437	0.339026	112.207031	171.093750
1679.941437	0.610934	112.207031	171.093750
1679.943438	0.720330	112.207031	171.093750
1679.945439	0.718304	7.901339	0.262080
1681.037459	0.485594	61.621094	-137.988281
1681.039460	0.701084	61.621094	-137.988281
1681.041463	0.718747	61.621094	-137.988281
1681.043461	0.716978	7.886760	0.301213
1682.007489	0.456120	114.257812	173.242187
1682.009493	0.689007	114.257812	173.242187
1682.011492	0.719083	114.257812	173.242187
1682.013492	0.717154	7.888692	0.259752
1683.110063	0.673465	63.183594	-138.671875
1683.112067	0.719883	63.183594	-138.671875
1683.114068	0.719800	7.917795	0.269621
1684.074628	0.359331	112.109375	174.121094
1684.076630	0.627741	112.109375	174.121094
1684.078630	0.720835	112.109375	174.121094
1684.080630	0.718485	7.903332	0.266888
1685.174679	0.344098	55.859375	-139.941406
1685.176680	0.615346	55.859375	-139.941406
1685.178681	0.720157	55.859375	-139.941406
1685.180680	0.718109	7.899202	0.277382
1686.144772	0.618681	112.304687	175.781250
1686.146773	0.719749	112.304687	175.781250
1686.150771	0.716339	7.879732	0.262810
1687.243366	0.355851	51.367187	-141.210937
1687.245371	0.625349	51.367187	-141.210937
1687.247368	0.722660	51.367187	-141.210937
1687.249369	0.720156	7.921713	0.278196
1688.211876	0.416283	109.472656	176.562500
1688.213876	0.667341	109.472656	176.562500
1688.217874	0.717022	109.472656	176.562500
1688.221874	0.714833	7.863159	0.259932
1689.311947	0.421790	58.886719	-142.089844
1689.313949	0.670749	58.886719	-142.089844
1689.315947	0.719115	58.886719	-142.089844
1689.317948	0.717065	7.887717	0.270669
1690.280010	0.369204	110.546875	178.515625
1690.282012	0.635487	110.546875	178.515625
1690.284012	0.720270	110.546875	178.515625
1690.288010	0.716637	7.883011	0.258307
1691.380573	0.389782	65.722656	-142.773437
1691.382576	0.650338	65.722656	-142.773437
1691.384576	0.719496	65.722656	-142.773437
1691.386575	0.717259	7.889843	0.269882
1692.351140	0.660712	110.351562	179.589844
1692.353143	0.719207	110.351562	179.589844
1692.355143	0.717116	7.888275	0.259978
1693.447706	0.381615	59.179687	-143.750000
1693.449708	0.644458	59.179687	-143.750000
1693.451708	0.719700	59.179687	-143.750000
1693.453708	0.717490	7.892387	0.271856
1694.419742	0.531617	110.058594	180.468750
1694.421744	0.719558	110.058594	180.468750
1694.423743	0.717324	7.890562	0.260306
1695.514262	0.253542	70.019531	-144.140625
1695.516271	0.531969	70.019531	-144.140625
1695.518272	0.714025	70.019531	-144.140625
1695.520271	0.718435	70.019531	-144.140625
1695.522273	0.716898	7.885882	0.277635
1696.488280	0.512539	106.542969	179.882812
1696.490282	0.708976	106.542969	179.882812
1696.492283	0.718100	106.542969	179.882812
1696.494283	0.716506	7.881567	0.433360
1697.584329	0.612348	67.968750	-144.628906
1697.586330	0.719974	67.968750	-144.628906
1697.588331	0.718013	7.898148	0.273157
1698.554338	2.149529	107.421875	180.175781
1698.556374	0.541708	107.421875	180.175781
1698.558379	0.716301	107.421875	180.175781
1698.560379	0.718483	107.421875	180.175781
1698.562377	0.716998	7.886982	0.269130
