num crossings	time (s)	maj axis (mm)	min axis (mm)	theta (rad )	slope (V/s)
1055	1396.223486	39.021857	5.167174	1.472100	9.237654
1059	1400.358583	39.086894	5.140942	1.476121	10.211631
1061	1402.425348	38.967846	9.414768	1.398635	12.604550
1063	1404.491207	37.633220	3.795982	1.475372	9.533939
1065	1406.562482	44.211699	8.743251	1.559260	11.698283
1067	1408.631010	38.236327	5.005470	1.489471	11.306449
1069	1410.698045	45.204059	6.419193	1.608861	9.987611
1071	1412.771517	37.608826	3.861723	1.482738	12.085025
1073	1414.840725	45.081171	6.436269	1.615072	11.006423
1075	1416.909476	45.913918	6.097776	1.612747	10.346318
1077	1418.975542	46.034374	6.137389	1.612440	11.581855
1079	1421.042045	38.031976	4.197391	1.492385	10.736740
1081	1423.107397	45.358162	5.766955	1.599666	11.133926
1083	1425.170431	45.211665	6.066115	1.602150	10.319142
1085	1427.242568	39.482089	4.829349	1.486881	11.243400
1087	1429.315214	38.945538	9.364839	1.415347	11.351013
1089	1431.387995	45.325122	6.103922	1.623110	11.400566
1091	1433.457856	43.836113	8.686304	1.578492	11.162008
1093	1435.524904	39.479920	9.822661	1.401625	11.213163
1095	1437.591089	44.799956	8.418746	1.583916	11.596089
1097	1439.657954	39.118068	9.791453	1.370792	10.567573
1099	1441.723335	46.402649	5.828057	1.611312	11.674189
1101	1443.793013	37.807083	3.882609	1.498462	11.220328
1103	1445.860893	45.758236	5.728985	1.614920	11.313187
1105	1447.929656	37.611214	3.873463	1.501233	11.012781
1107	1449.997729	46.408457	5.593313	1.614178	11.531353
1109	1452.068808	45.863706	5.841410	1.620549	11.088567
1111	1454.139576	47.368949	5.606201	1.624578	11.575020
1113	1456.209490	46.555807	8.230546	1.599798	10.867166
1115	1458.279404	39.716861	9.952453	1.416763	11.362067
1117	1460.348686	46.299972	5.848752	1.630804	11.181832
1119	1462.414718	40.151525	4.561643	1.508476	11.851069
1121	1464.480463	40.229127	6.096235	1.507055	11.400574
1123	1466.546190	40.319702	8.972862	1.437619	11.478281
1125	1468.612608	45.692841	5.665292	1.625061	10.989233
1127	1470.680640	39.902132	4.690086	1.516791	11.349396
1129	1472.752485	39.889280	4.541831	1.519494	11.592048
1131	1474.822976	39.070431	10.026770	1.417853	11.239381
1133	1476.894790	46.404408	5.759942	1.636829	12.298084
1135	1478.965392	38.565786	3.487148	1.516665	11.995052
1137	1481.034833	46.336265	5.581800	1.640923	11.631108
1139	1483.103738	38.761380	3.569671	1.526449	11.535122
1141	1485.171567	46.489524	5.468942	1.640040	11.903506
1143	1487.239384	46.759787	5.879144	1.632904	11.312885
1145	1489.308428	38.787593	3.392076	1.528921	11.938761
1147	1491.376685	46.717252	5.858533	1.641442	12.094650
1149	1493.444549	38.829284	3.332084	1.530937	11.391962
1151	1495.512363	47.256096	5.830093	1.640873	12.329719
1153	1497.579016	47.369628	5.470890	1.634831	12.044569
1155	1499.644636	46.871948	5.544053	1.640745	11.809762
1157	1501.710428	43.090339	7.977687	1.617715	11.554364
1159	1503.777458	40.434298	9.550117	1.434802	11.473106
1161	1505.844693	46.761175	5.683594	1.632712	11.845293
1163	1507.914760	38.661868	3.025110	1.528403	11.904916
1165	1509.985606	47.027554	6.051361	1.642754	12.158209
1167	1512.057307	41.605443	7.982631	1.600731	11.952494
1169	1514.127107	41.008952	8.783461	1.474376	11.642962
1171	1516.198887	47.512541	5.732704	1.655005	12.007265
1173	1518.267659	47.335166	5.362607	1.655847	11.481386
1175	1520.334463	40.795481	4.197943	1.541569	12.244960
1177	1522.402603	40.399294	4.051809	1.553176	11.713995
1179	1524.468947	39.334653	3.320656	1.545603	11.661066
1181	1526.537319	38.659369	3.292909	1.545831	11.840723
1183	1528.606108	40.981654	4.178296	1.543277	11.962566
1185	1530.674516	40.179782	4.058881	1.556090	11.928386
1187	1532.744056	47.535180	5.398329	1.654846	12.225757
1189	1534.813851	40.938714	4.088608	1.544971	12.195575
1191	1536.881319	40.833475	9.283744	1.468243	12.269055
1193	1538.951406	47.763036	5.194649	1.655508	11.561948
1195	1541.019836	48.827882	7.143475	1.616211	11.957445
1197	1543.084402	40.950541	8.692791	1.486370	12.172621
1199	1545.151690	47.508072	5.280657	1.658968	11.765627
1201	1547.218089	41.104095	3.942055	1.550474	12.130489
1203	1549.284226	40.163410	3.866656	1.564913	12.498046
1205	1551.350537	47.285345	4.961252	1.658547	12.292801
1207	1553.420428	41.062696	4.016181	1.552996	11.741662
1209	1555.489007	41.892554	9.050117	1.468593	11.895873
1211	1557.558571	42.255123	7.253188	1.635890	12.037345
1213	1559.628745	40.546870	5.280269	1.549950	12.246212
1215	1561.698819	40.512592	3.745347	1.567628	12.417706
1217	1563.766671	38.947040	2.872646	1.559940	12.117565
1219	1565.838732	41.214413	3.797060	1.558051	11.994578
1221	1567.908444	40.558433	5.236528	1.551837	12.209271
1223	1569.975653	40.472662	3.750671	1.574595	12.287690
1225	1572.044618	39.659084	2.845665	1.565641	12.442449
1227	1574.112681	41.286909	3.794096	1.561670	11.804097
1229	1576.180648	41.374303	3.678528	1.562702	12.158961
1231	1578.248876	41.653629	9.151113	1.484578	12.414188
1233	1580.315156	41.341179	3.811255	1.565081	12.047577
1235	1582.382163	41.519690	4.840349	1.561360	12.289270
1237	1584.448704	41.957201	9.259994	1.479554	12.782750
1239	1586.515280	48.147823	5.098099	1.659260	12.160741
1241	1588.583126	47.623702	4.661770	1.661565	12.493350
1243	1590.651095	39.505855	2.651586	1.569361	12.347568
1245	1592.719111	40.703754	2.601014	1.571695	12.860016
1247	1594.789359	48.454205	5.450934	1.662110	11.820976
1249	1596.858725	40.693878	2.683474	1.576090	12.503591
1251	1598.928555	46.019539	6.746316	1.621897	12.875104
1253	1600.999033	42.278393	8.251232	1.520597	12.734127
1255	1603.069305	40.157782	2.295604	1.576096	12.375267
1257	1605.138897	45.048935	7.042893	1.637340	12.619447
1259	1607.208727	41.576765	8.354957	1.522474	12.824933
1261	1609.277631	41.627144	3.497747	1.576992	12.259489
1263	1611.345427	40.774109	5.136447	1.567514	12.785864
1265	1613.414104	41.157632	3.506955	1.593053	11.650813
1267	1615.481184	42.945499	6.812345	1.649955	12.080942
1269	1617.549531	40.904068	5.016721	1.568412	12.136634
1271	1619.618893	41.280642	8.707088	1.515777	12.782565
1273	1621.686048	46.037485	6.578036	1.636561	12.520323
1275	1623.756770	41.305630	3.416664	1.594497	12.430410
1277	1625.824134	49.085747	5.151619	1.681364	12.816972
1279	1627.891474	48.928103	5.121136	1.687613	12.207659
1281	1629.959043	49.084200	4.847651	1.683263	12.485005
1283	1632.025956	40.310082	1.952262	1.585984	12.023008
1285	1634.093456	48.915648	4.788031	1.684070	12.391353
1287	1636.160419	47.310142	6.197463	1.628164	12.505076
1289	1638.226970	42.864989	8.074329	1.534177	12.676723
1291	1640.294107	42.073636	3.374784	1.583887	12.045538
1293	1642.361502	42.864111	8.164394	1.525606	12.849688
1295	1644.428137	47.920136	4.412792	1.680510	12.758258
1297	1646.497852	48.602253	6.087892	1.640732	12.194047
1299	1648.564705	41.556774	4.829560	1.586773	12.554333
1301	1650.635096	43.308349	8.730213	1.513475	12.437404
1303	1652.704044	48.905269	4.407870	1.679433	12.820421
1305	1654.772428	48.574630	4.706799	1.683011	12.632168
1307	1656.842996	48.645259	4.743599	1.684275	12.953244
1309	1658.911800	49.232639	4.659674	1.685070	12.511659
1311	1660.980059	49.267138	4.888309	1.685828	12.748267
1313	1663.048407	49.051457	4.615711	1.685464	12.964675
1315	1665.117311	48.791503	5.905774	1.650034	12.535656
1317	1667.184323	44.049040	8.986677	1.522732	12.275483
1319	1669.254606	45.584454	6.391627	1.667534	12.808950
1321	1671.322777	41.704972	3.086731	1.608904	12.384058
1323	1673.389734	42.086330	3.170356	1.597968	12.256012
1325	1675.456663	42.734600	8.812735	1.520319	13.238438
1327	1677.523640	47.448773	5.835954	1.654115	12.929501
1329	1679.593448	42.877025	8.751968	1.523913	12.606658
1331	1681.661020	48.708212	4.608844	1.683120	12.556199
1333	1683.728859	40.223060	2.059607	1.604793	13.008528
1335	1685.796977	48.478727	5.575710	1.645217	12.696566
1337	1687.865555	42.629617	8.320347	1.532958	13.062404
1339	1689.934112	48.492413	4.376321	1.691936	12.437329
1341	1692.002785	48.194350	5.471735	1.638541	12.730932
1343	1694.071449	41.839051	4.737958	1.595354	12.540553
1345	1696.141012	41.564903	3.057422	1.619223	12.965248
