crossing time (s)	slope (V/s)	crossing number
281474976710655.000000	9.908455	1057	0.000000
281474976710655.000000	9.744639	1058	1400700288.000000
281474976710655.000000	12.193571	1059	1401788288.000000
281474976710655.000000	11.607103	1060	1402767232.000000
281474976710655.000000	9.662012	1061	1403861760.000000
281474976710655.000000	10.598777	1062	1404833024.000000
281474976710655.000000	11.635457	1063	1405929344.000000
281474976710655.000000	10.892408	1064	1406905088.000000
281474976710655.000000	11.107572	1065	1407998592.000000
281474976710655.000000	10.746751	1066	1408973184.000000
281474976710655.000000	10.077166	1067	1410066688.000000
281474976710655.000000	10.750616	1068	1411039872.000000
281474976710655.000000	11.940422	1069	1412133376.000000
281474976710655.000000	10.837176	1070	1413114496.000000
281474976710655.000000	10.602403	1071	1414199296.000000
281474976710655.000000	11.285913	1072	1415182976.000000
281474976710655.000000	10.372036	1073	1416267008.000000
281474976710655.000000	10.233815	1074	1417251712.000000
281474976710655.000000	11.629018	1075	1418333312.000000
281474976710655.000000	11.606264	1076	1419317248.000000
281474976710655.000000	10.709759	1077	1420411008.000000
281474976710655.000000	10.969475	1078	1421383936.000000
281474976710655.000000	11.151642	1079	1422480768.000000
281474976710655.000000	11.012098	1080	1423449088.000000
281474976710655.000000	10.087601	1081	1424551680.000000
281474976710655.000000	10.998353	1082	1425511680.000000
281474976710655.000000	11.417279	1083	1426620032.000000
281474976710655.000000	11.062550	1084	1427585408.000000
281474976710655.000000	11.015424	1085	1428686976.000000
281474976710655.000000	11.039157	1086	1429658112.000000
281474976710655.000000	11.316020	1087	1430749952.000000
281474976710655.000000	10.719062	1088	1431730944.000000
281474976710655.000000	11.031964	1089	1432813952.000000
281474976710655.000000	10.978389	1090	1433800320.000000
281474976710655.000000	11.077513	1091	1434883840.000000
281474976710655.000000	10.924379	1092	1435866752.000000
281474976710655.000000	11.234006	1093	1436954880.000000
281474976710655.000000	11.353574	1094	1437932800.000000
281474976710655.000000	10.681205	1095	1439027328.000000
281474976710655.000000	10.691234	1096	1439999872.000000
281474976710655.000000	11.445108	1097	1441095680.000000
281474976710655.000000	11.243865	1098	1442065024.000000
281474976710655.000000	10.970444	1099	1443165952.000000
281474976710655.000000	11.213849	1100	1444135424.000000
281474976710655.000000	11.266161	1101	1445237120.000000
281474976710655.000000	10.760516	1102	1446203008.000000
281474976710655.000000	10.980618	1103	1447304064.000000
281474976710655.000000	11.273909	1104	1448271872.000000
281474976710655.000000	10.994981	1105	1449373952.000000
281474976710655.000000	11.213293	1106	1450339840.000000
281474976710655.000000	11.144651	1107	1451440256.000000
281474976710655.000000	10.968283	1108	1452411520.000000
281474976710655.000000	11.641455	1109	1453505024.000000
281474976710655.000000	11.096166	1110	1454482048.000000
281474976710655.000000	10.833036	1111	1455571584.000000
281474976710655.000000	11.110967	1112	1456551936.000000
281474976710655.000000	11.672536	1113	1457639296.000000
281474976710655.000000	11.398220	1114	1458621824.000000
281474976710655.000000	11.190988	1115	1459706112.000000
281474976710655.000000	10.934262	1116	1460690944.000000
281474976710655.000000	11.787152	1117	1461773824.000000
281474976710655.000000	11.309962	1118	1462756480.000000
281474976710655.000000	11.241090	1119	1463846912.000000
281474976710655.000000	11.434744	1120	1464822272.000000
281474976710655.000000	11.377177	1121	1465918848.000000
281474976710655.000000	11.400713	1122	1466887936.000000
281474976710655.000000	11.087263	1123	1467988864.000000
281474976710655.000000	11.042886	1124	1468954496.000000
281474976710655.000000	11.407638	1125	1470060160.000000
281474976710655.000000	11.421968	1126	1471022720.000000
281474976710655.000000	11.351995	1127	1472126720.000000
281474976710655.000000	11.298194	1128	1473095296.000000
281474976710655.000000	11.272895	1129	1474192768.000000
281474976710655.000000	11.569157	1130	1475165440.000000
281474976710655.000000	11.692046	1131	1476258304.000000
281474976710655.000000	11.125277	1132	1477237632.000000
281474976710655.000000	11.545214	1133	1478322560.000000
281474976710655.000000	11.335756	1134	1479307904.000000
281474976710655.000000	11.500083	1135	1480391680.000000
281474976710655.000000	11.442648	1136	1481377280.000000
281474976710655.000000	11.410634	1137	1482457728.000000
281474976710655.000000	10.936685	1138	1483446016.000000
281474976710655.000000	11.910214	1139	1484527104.000000
281474976710655.000000	11.378478	1140	1485513600.000000
281474976710655.000000	11.448066	1141	1486596736.000000
281474976710655.000000	11.529868	1142	1487581440.000000
281474976710655.000000	11.650399	1143	1488664064.000000
281474976710655.000000	11.218573	1144	1489650688.000000
281474976710655.000000	12.084823	1145	1490731776.000000
281474976710655.000000	11.190706	1146	1491718784.000000
281474976710655.000000	11.304620	1147	1492801024.000000
281474976710655.000000	11.513629	1148	1493786752.000000
281474976710655.000000	11.946599	1149	1494870784.000000
281474976710655.000000	11.204570	1150	1495854336.000000
281474976710655.000000	11.550407	1151	1496941440.000000
281474976710655.000000	11.587450	1152	1497920896.000000
281474976710655.000000	11.659015	1153	1499011200.000000
281474976710655.000000	11.471094	1154	1499986432.000000
281474976710655.000000	11.743695	1155	1501083008.000000
281474976710655.000000	11.531016	1156	1502052224.000000
281474976710655.000000	11.359921	1157	1503153280.000000
281474976710655.000000	11.558396	1158	1504119296.000000
281474976710655.000000	11.739405	1159	1505223680.000000
281474976710655.000000	11.834380	1160	1506186752.000000
281474976710655.000000	11.764243	1161	1507291520.000000
281474976710655.000000	11.968621	1162	1508257152.000000
281474976710655.000000	11.747763	1163	1509358080.000000
281474976710655.000000	11.571020	1164	1510328192.000000
281474976710655.000000	11.942749	1165	1511424000.000000
281474976710655.000000	11.594556	1166	1512400128.000000
281474976710655.000000	11.587638	1167	1513489152.000000
281474976710655.000000	11.421857	1168	1514469504.000000
281474976710655.000000	11.956265	1169	1515555968.000000
281474976710655.000000	11.424117	1170	1516541696.000000
281474976710655.000000	11.578908	1171	1517623040.000000
281474976710655.000000	11.734976	1172	1518609920.000000
281474976710655.000000	12.216735	1173	1519692672.000000
281474976710655.000000	11.764396	1174	1520676352.000000
281474976710655.000000	11.600247	1175	1521759488.000000
281474976710655.000000	11.807662	1176	1522744704.000000
281474976710655.000000	11.552404	1177	1523830656.000000
281474976710655.000000	11.876509	1178	1524810880.000000
281474976710655.000000	11.683432	1179	1525899520.000000
281474976710655.000000	11.718800	1180	1526879488.000000
281474976710655.000000	11.863934	1181	1527967872.000000
281474976710655.000000	11.798298	1182	1528948352.000000
281474976710655.000000	11.756292	1183	1530036736.000000
281474976710655.000000	12.019312	1184	1531016704.000000
281474976710655.000000	12.086545	1185	1532103936.000000
281474976710655.000000	11.824776	1186	1533086464.000000
281474976710655.000000	11.876774	1187	1534171520.000000
281474976710655.000000	11.742269	1188	1535156224.000000
281474976710655.000000	12.207911	1189	1536239488.000000
281474976710655.000000	11.485635	1190	1537223296.000000
281474976710655.000000	11.656095	1191	1538307200.000000
281474976710655.000000	11.864638	1192	1539293824.000000
281474976710655.000000	11.735824	1193	1540375680.000000
281474976710655.000000	11.832798	1194	1541361920.000000
281474976710655.000000	11.838818	1195	1542445312.000000
281474976710655.000000	11.508965	1196	1543425920.000000
281474976710655.000000	11.849379	1197	1544516608.000000
281474976710655.000000	11.859654	1198	1545493760.000000
281474976710655.000000	12.171275	1199	1546585984.000000
281474976710655.000000	11.605981	1200	1547559936.000000
281474976710655.000000	12.107373	1201	1548657792.000000
281474976710655.000000	11.918764	1202	1549625984.000000
281474976710655.000000	12.006898	1203	1550726400.000000
281474976710655.000000	11.808734	1204	1551692416.000000
281474976710655.000000	11.655202	1205	1552797056.000000
281474976710655.000000	12.133087	1206	1553762816.000000
281474976710655.000000	12.042913	1207	1554864640.000000
281474976710655.000000	12.028984	1208	1555831168.000000
281474976710655.000000	12.039249	1209	1556932352.000000
281474976710655.000000	12.063516	1210	1557900928.000000
281474976710655.000000	11.892775	1211	1558997632.000000
281474976710655.000000	12.228126	1212	1559971328.000000
281474976710655.000000	11.904798	1213	1561063680.000000
281474976710655.000000	12.001816	1214	1562041216.000000
281474976710655.000000	11.798464	1215	1563131776.000000
281474976710655.000000	12.251592	1216	1564108800.000000
281474976710655.000000	12.103907	1217	1565200768.000000
281474976710655.000000	11.989853	1218	1566181504.000000
281474976710655.000000	12.303630	1219	1567267072.000000
281474976710655.000000	12.294868	1220	1568250880.000000
281474976710655.000000	12.150986	1221	1569333888.000000
281474976710655.000000	12.040725	1222	1570317696.000000
281474976710655.000000	12.286737	1223	1571403392.000000
281474976710655.000000	12.117513	1224	1572386944.000000
281474976710655.000000	11.739533	1225	1573471488.000000
281474976710655.000000	12.118084	1226	1574454784.000000
281474976710655.000000	12.263515	1227	1575540352.000000
281474976710655.000000	11.892491	1228	1576522752.000000
281474976710655.000000	12.422524	1229	1577608448.000000
281474976710655.000000	12.266568	1230	1578590976.000000
281474976710655.000000	12.175553	1231	1579679488.000000
281474976710655.000000	12.152620	1232	1580656896.000000
281474976710655.000000	12.024571	1233	1581748736.000000
281474976710655.000000	12.167203	1234	1582724096.000000
281474976710655.000000	12.408622	1235	1583818880.000000
281474976710655.000000	12.240702	1236	1584790656.000000
281474976710655.000000	12.266623	1237	1585887872.000000
281474976710655.000000	12.199682	1238	1586857216.000000
281474976710655.000000	12.028146	1239	1587957504.000000
281474976710655.000000	11.756126	1240	1588925312.000000
281474976710655.000000	11.893666	1241	1590026752.000000
281474976710655.000000	11.932113	1242	1590993280.000000
281474976710655.000000	12.529320	1243	1592094976.000000
281474976710655.000000	12.178858	1244	1593061248.000000
281474976710655.000000	12.117452	1245	1594163584.000000
281474976710655.000000	11.956965	1246	1595131904.000000
281474976710655.000000	12.230216	1247	1596230144.000000
281474976710655.000000	12.272012	1248	1597201024.000000
281474976710655.000000	12.576048	1249	1598296832.000000
281474976710655.000000	12.185605	1250	1599270912.000000
281474976710655.000000	12.562699	1251	1600364672.000000
281474976710655.000000	12.250896	1252	1601341568.000000
281474976710655.000000	12.451733	1253	1602430464.000000
281474976710655.000000	11.892150	1254	1603411840.000000
281474976710655.000000	12.443449	1255	1604497536.000000
281474976710655.000000	11.650975	1256	1605481344.000000
281474976710655.000000	12.281854	1257	1606563328.000000
281474976710655.000000	12.057973	1258	1607551104.000000
281474976710655.000000	12.287143	1259	1608632448.000000
281474976710655.000000	12.413558	1260	1609619840.000000
281474976710655.000000	12.195808	1261	1610700032.000000
281474976710655.000000	11.776149	1262	1611687424.000000
281474976710655.000000	12.104678	1263	1612769152.000000
281474976710655.000000	12.155341	1264	1613756416.000000
281474976710655.000000	11.779192	1265	1614836352.000000
281474976710655.000000	12.001909	1266	1615823232.000000
281474976710655.000000	11.836825	1267	1616904704.000000
281474976710655.000000	12.197983	1268	1617891712.000000
281474976710655.000000	12.552918	1269	1618973184.000000
281474976710655.000000	12.027479	1270	1619961216.000000
281474976710655.000000	12.261105	1271	1621040768.000000
281474976710655.000000	12.192439	1272	1622028032.000000
281474976710655.000000	12.058986	1273	1623111168.000000
281474976710655.000000	12.391677	1274	1624099328.000000
281474976710655.000000	12.620931	1275	1625178880.000000
281474976710655.000000	12.567799	1276	1626166144.000000
281474976710655.000000	12.171603	1277	1627247360.000000
281474976710655.000000	12.254060	1278	1628233472.000000
281474976710655.000000	12.597004	1279	1629318016.000000
281474976710655.000000	12.296569	1280	1630301056.000000
281474976710655.000000	12.333276	1281	1631388544.000000
281474976710655.000000	12.385936	1282	1632367872.000000
281474976710655.000000	12.374148	1283	1633456128.000000
281474976710655.000000	12.584312	1284	1634435456.000000
281474976710655.000000	13.145266	1285	1635525760.000000
281474976710655.000000	12.371977	1286	1636502272.000000
281474976710655.000000	12.487003	1287	1637597056.000000
281474976710655.000000	12.465909	1288	1638568832.000000
281474976710655.000000	12.415879	1289	1639664000.000000
281474976710655.000000	12.281147	1290	1640636160.000000
281474976710655.000000	12.501629	1291	1641734784.000000
281474976710655.000000	12.423328	1292	1642703488.000000
281474976710655.000000	12.523108	1293	1643804928.000000
281474976710655.000000	12.490051	1294	1644770048.000000
281474976710655.000000	12.276563	1295	1645872896.000000
281474976710655.000000	11.908605	1296	1646840192.000000
281474976710655.000000	12.599627	1297	1647940864.000000
281474976710655.000000	11.940462	1298	1648906624.000000
281474976710655.000000	12.300321	1299	1650008960.000000
281474976710655.000000	12.494270	1300	1650977664.000000
281474976710655.000000	12.552186	1301	1652076544.000000
281474976710655.000000	12.482724	1302	1653046272.000000
281474976710655.000000	12.697964	1303	1654144640.000000
281474976710655.000000	12.583727	1304	1655114624.000000
281474976710655.000000	12.755907	1305	1656211968.000000
281474976710655.000000	12.744133	1306	1657185536.000000
281474976710655.000000	12.622260	1307	1658279552.000000
281474976710655.000000	13.003455	1308	1659254016.000000
281474976710655.000000	12.697621	1309	1660347392.000000
281474976710655.000000	12.708751	1310	1661322240.000000
281474976710655.000000	13.149211	1311	1662414592.000000
281474976710655.000000	12.572121	1312	1663390592.000000
281474976710655.000000	12.576622	1313	1664483072.000000
281474976710655.000000	12.445822	1314	1665459584.000000
281474976710655.000000	12.243456	1315	1666552064.000000
281474976710655.000000	12.316141	1316	1667526272.000000
281474976710655.000000	12.739592	1317	1668620288.000000
281474976710655.000000	12.926282	1318	1669597184.000000
281474976710655.000000	12.565403	1319	1670689280.000000
281474976710655.000000	12.746289	1320	1671664896.000000
281474976710655.000000	12.178705	1321	1672758016.000000
281474976710655.000000	12.745016	1322	1673731584.000000
281474976710655.000000	13.173253	1323	1674826496.000000
281474976710655.000000	12.874686	1324	1675798528.000000
281474976710655.000000	12.868983	1325	1676895744.000000
281474976710655.000000	12.782446	1326	1677865472.000000
281474976710655.000000	12.735363	1327	1678965504.000000
281474976710655.000000	12.538767	1328	1679935872.000000
281474976710655.000000	12.356126	1329	1681032832.000000
281474976710655.000000	12.909653	1330	1682003072.000000
281474976710655.000000	12.715162	1331	1683103872.000000
281474976710655.000000	12.696635	1332	1684070912.000000
281474976710655.000000	12.473618	1333	1685171072.000000
281474976710655.000000	12.600137	1334	1686139136.000000
281474976710655.000000	12.821781	1335	1687239680.000000
281474976710655.000000	12.497715	1336	1688207744.000000
281474976710655.000000	12.359289	1337	1689307776.000000
281474976710655.000000	12.253756	1338	1690276224.000000
281474976710655.000000	12.655370	1339	1691376640.000000
281474976710655.000000	12.606155	1340	1692345088.000000
281474976710655.000000	12.696975	1341	1693443840.000000
281474976710655.000000	12.764433	1342	1694413696.000000
281474976710655.000000	13.311678	1343	1695511296.000000
281474976710655.000000	13.067847	1344	1696483456.000000
281474976710655.000000	12.459219	1345	1697578752.000000
281474976710655.000000	12.782098	1346	1698551296.000000
