num crossings	time (s)	maj axis (mm)	min axis (mm)	theta (rad )	slope (V/s)
2599	2999.447173	48.164030	-7.761334	3.693848	7.568972
2601	3001.521969	48.469893	-7.626079	3.694422	7.857964
2603	3003.594291	46.042977	-5.103895	3.742461	8.093032
2605	3005.666846	52.178749	-10.117082	3.610135	7.151752
2607	3007.748460	48.612686	-7.231655	3.700501	5.757774
2609	3009.821510	47.359036	-8.147582	3.696793	8.156713
2611	3011.895281	57.128430	7.884361	3.643181	7.569037
2613	3013.971575	47.520381	-8.074745	3.694392	6.692712
2615	3016.051419	52.476393	-10.041799	3.606231	6.634765
2617	3018.122991	46.728346	-5.869006	3.738539	8.411802
2619	3020.200811	49.212935	-7.443145	3.687600	6.532958
2621	3022.279166	47.397453	-4.807383	3.734830	6.497453
2623	3024.352842	52.907285	-9.795096	3.600363	7.966800
2625	3026.428679	47.110977	-4.649883	3.735759	7.045252
2627	3028.506295	47.954385	-7.820434	3.692014	6.963733
2629	3030.582185	53.400942	-9.719252	3.600668	7.782414
2631	3032.657068	47.885209	-4.504927	3.734525	7.520088
2633	3034.735269	57.381111	7.590862	3.645251	7.229203
2635	3036.811655	49.573916	-7.105283	3.684129	7.438173
2637	3038.887026	46.600498	-8.060845	3.666919	7.742113
2639	3040.965175	49.282485	-6.844319	3.682328	7.461673
2641	3043.043099	49.464164	-6.671374	3.694045	7.633226
2643	3045.118491	49.932793	-6.925417	3.682153	7.652953
2645	3047.196033	47.085571	-7.460953	3.676394	7.249487
2647	3049.274040	45.692226	-4.173726	3.721513	7.596323
2649	3051.349058	58.282289	8.134030	3.637528	8.051232
2651	3053.426487	58.503447	7.085838	3.630742	7.281179
2653	3055.502300	53.106217	-9.237961	3.599214	7.664015
2655	3057.577290	49.703855	-6.615179	3.678809	7.683915
2657	3059.655266	49.874099	-6.559234	3.678350	7.337302
2659	3061.728921	47.650152	-4.130083	3.728759	7.681361
2661	3063.804135	48.950992	-7.436611	3.681878	7.727340
2663	3065.880819	54.127135	-8.927392	3.599342	7.616628
2665	3067.955730	49.898042	-6.322752	3.687939	7.613044
2667	3070.031765	52.636066	-8.842627	3.606498	7.586308
2669	3072.104969	48.043181	-7.091666	3.665219	7.862546
2671	3074.180847	48.549145	-4.008145	3.723111	7.558880
2673	3076.256823	49.638029	-6.905771	3.681077	8.034506
2675	3078.330506	49.614423	-6.874219	3.681185	7.720599
2677	3080.407055	49.503597	-6.824395	3.681863	7.910134
2679	3082.483077	50.974488	-6.438836	3.673955	7.992757
2681	3084.559326	48.297821	-7.320330	3.654123	7.767149
2683	3086.634242	50.385322	-6.212800	3.670190	7.906877
2685	3088.711857	49.611788	-5.896988	3.737792	7.352739
2687	3090.787315	51.090750	-6.294496	3.671519	7.622197
2689	3092.863128	50.567289	-6.122007	3.669827	7.829378
2691	3094.939119	48.821917	-6.844702	3.660275	7.778135
2693	3097.015661	48.666951	-6.958844	3.653726	7.848310
2695	3099.091530	48.666828	-6.966969	3.655251	7.975620
2697	3101.167906	50.495021	-5.806258	3.683153	7.863391
2699	3103.244577	51.204907	-6.176336	3.670241	8.184251
2701	3105.320572	50.691013	-5.907824	3.669508	8.239459
2703	3107.397498	50.932734	-5.937923	3.669861	8.342994
2705	3109.475001	50.797509	-5.748904	3.680017	8.102126
2707	3111.551135	56.136506	-8.300156	3.596130	8.373602
2709	3113.628393	48.589336	-6.308436	3.662808	8.225909
2711	3115.705795	48.601282	-6.425634	3.656369	8.086368
2713	3117.781701	51.241575	-5.581049	3.676621	7.994018
2715	3119.858491	60.315828	6.145244	3.617757	8.100427
2717	3121.934991	50.454578	-6.381688	3.670500	7.917704
2719	3124.010406	60.217889	6.175342	3.618796	8.580427
2721	3126.087459	54.365393	-8.240044	3.589099	8.002897
2723	3128.163262	50.393294	-3.474693	3.712731	7.896047
2725	3130.238071	50.736830	-6.296580	3.668686	8.240563
2727	3132.313993	50.596381	-6.273294	3.668894	7.997568
2729	3134.389582	60.462582	6.119132	3.616267	7.880066
2731	3136.464366	60.767651	6.866950	3.620010	8.302982
2733	3138.540052	56.643060	-7.948387	3.593243	8.422948
2735	3140.615235	51.647536	-5.350518	3.670789	8.344741
2737	3142.690469	53.453634	-7.764851	3.603168	8.354907
2739	3144.766185	49.911161	-2.421796	3.701608	8.084912
2741	3146.840583	50.412755	-6.548839	3.658457	8.468304
2743	3148.916333	52.175140	-5.622753	3.658397	8.125440
2745	3150.992333	51.260598	-5.279699	3.670385	8.465176
2747	3153.067870	61.046012	6.130968	3.618811	8.275820
2749	3155.144385	57.401796	-7.611191	3.589477	8.026547
2751	3157.220496	51.635121	-5.353634	3.656777	8.193428
2753	3159.296365	49.837091	-6.328600	3.642437	8.497870
2755	3161.372269	51.756414	-5.133080	3.668867	8.304845
2757	3163.448267	52.261159	-5.508465	3.656415	8.308567
2759	3165.524563	50.725273	-1.595515	3.694711	8.694032
2761	3167.600518	56.580842	-7.608101	3.585676	8.495801
2763	3169.676835	50.025904	-5.832896	3.647088	8.277557
2765	3171.753159	51.936447	-5.182586	3.654780	8.321566
2767	3173.830423	51.916936	-5.077975	3.663690	8.324786
2769	3175.906415	52.644743	-5.303665	3.654472	8.703565
2771	3177.983694	52.050481	-4.928894	3.666604	8.708821
2773	3180.060638	52.568460	-5.293361	3.652998	8.719468
2775	3182.136608	50.327243	-5.754960	3.644226	8.102316
2777	3184.212556	52.124454	-5.059560	3.652785	8.749919
2779	3186.290111	50.318709	-1.168867	3.680550	8.106311
2781	3188.366063	52.648359	-5.181931	3.651662	8.748414
2783	3190.442836	52.153148	-4.896912	3.662670	8.658491
2785	3192.518563	51.346162	-5.599241	3.656765	8.811211
2787	3194.594833	52.849673	-5.192692	3.650892	8.515799
2789	3196.670557	52.719981	-4.824812	3.660479	8.691415
2791	3198.746017	52.041035	-5.490897	3.654293	8.924696
2793	3200.821840	51.954244	-5.487904	3.654017	8.282084
2795	3202.897073	52.994154	-5.067092	3.649035	8.598854
2797	3204.972011	50.938700	-1.592901	3.683117	8.839927
2799	3207.047658	61.741652	5.493656	3.606156	8.679679
2801	3209.122622	61.469494	6.044689	3.607010	8.757905
2803	3211.198076	62.105637	5.543487	3.605673	8.712623
2805	3213.273332	55.378004	-7.186972	3.583394	8.420001
2807	3215.348713	54.191405	-1.579205	3.684586	8.403621
2809	3217.424813	53.089216	-4.959645	3.645403	8.447003
2811	3219.499525	50.440717	-5.837012	3.624981	8.846563
2813	3221.576289	52.393368	-4.576599	3.657170	8.400428
2815	3223.651453	56.798287	-6.983549	3.579517	8.784678
2817	3225.728022	52.834053	-4.516728	3.657478	8.924589
2819	3227.803657	57.279914	-7.050444	3.576530	8.661206
2821	3229.879384	52.888574	-4.476142	3.657151	8.785821
2823	3231.955870	51.834070	-5.253131	3.648708	8.737517
2825	3234.030745	53.371963	-4.875353	3.643172	8.709935
2827	3236.107914	51.720618	-0.069395	3.664804	8.859998
2829	3238.184234	62.400241	5.843765	3.605977	8.977771
2831	3240.260740	52.467462	-5.120790	3.645462	9.068462
2833	3242.337561	53.649065	-4.812193	3.641413	8.895521
2835	3244.413844	51.354194	-0.399696	3.664067	8.994800
2837	3246.490324	62.436440	5.704894	3.601217	9.047061
2839	3248.566588	62.257718	5.514225	3.597102	8.811008
2841	3250.644117	53.473172	-4.771288	3.639330	8.971272
2843	3252.720475	50.997865	-5.259626	3.626151	9.016080
2845	3254.796810	51.027620	-5.161853	3.627685	9.166603
2847	3256.872743	50.777980	-5.211476	3.624513	8.953372
2849	3258.949536	50.953742	-0.498187	3.660177	8.756312
2851	3261.025063	52.253952	-5.096009	3.641796	8.699763
2853	3263.100585	57.115375	-6.816721	3.570663	9.011797
2855	3265.177119	51.834060	-0.591407	3.662914	9.073906
2857	3267.252419	53.649677	-4.613169	3.635231	8.925042
2859	3269.328429	51.355880	-5.110277	3.626155	9.166451
2861	3271.403672	52.841546	-0.729961	3.665078	8.905539
2863	3273.478499	52.559949	-4.949333	3.639814	9.012757
2865	3275.554085	57.565107	-6.699270	3.570396	8.652222
2867	3277.630086	52.977000	-2.752453	3.682474	9.221818
2869	3279.704878	57.731047	-6.674054	3.570489	8.898571
2871	3281.781159	51.595847	-5.196188	3.617254	8.910460
2873	3283.856010	51.635412	-5.078851	3.619772	8.894534
2875	3285.932089	53.319505	-4.397569	3.631206	8.821358
2877	3288.007329	53.393360	-4.416851	3.630603	8.968294
2879	3290.083552	53.039973	-4.168200	3.644389	9.123509
2881	3292.158876	53.827626	-4.460859	3.628790	9.182338
2883	3294.234482	53.117762	-4.117817	3.643077	9.212980
